1.000000000000000000e+00,0.000000000000000000e+00
9.999774831902232819e-01,1.313897914619915246e-04
9.999549663804465638e-01,2.627795829239830492e-04
9.999324495706698457e-01,3.941693743859746280e-04
9.999099327608931276e-01,5.255591658479660984e-04
9.998827812405947091e-01,6.558976524534204048e-04
9.998439603250763863e-01,7.834117218811181664e-04
9.997991257549568855e-01,9.089364207440339596e-04
9.997493611240073630e-01,1.032589678037355851e-03
9.996937250584893020e-01,1.153711450351054381e-03
9.996330515893672164e-01,1.272391572698173493e-03
9.995665067367516254e-01,1.387876480517687616e-03
9.994947715946153055e-01,1.500213897809866189e-03
9.994169752133560403e-01,1.608434267806718374e-03
9.993338384578346334e-01,1.712612128373273025e-03
9.992442519191880868e-01,1.811290813733733730e-03
9.991491457592351910e-01,1.904651141379488238e-03
9.990477615721264915e-01,1.991159441087633590e-03
9.989408240687744911e-01,2.070670216687252926e-03
9.988286603975047306e-01,2.142651146444623979e-03
9.987114031841679562e-01,2.205984562871975835e-03
9.985902108872565242e-01,2.261403060019118085e-03
9.984655387113793301e-01,2.308522068525408356e-03
9.983381266711041091e-01,2.347616136358228380e-03
9.982088140015419331e-01,2.379905242508986284e-03
9.980780134296054484e-01,2.405561177934048642e-03
9.979463080769933603e-01,2.426071026142718329e-03
9.978140311598154844e-01,2.442558655286215102e-03
9.976814108101527134e-01,2.456034111013444699e-03
9.975486564000000111e-01,2.468135399999999910e-03
9.876068123000000254e-01,3.349158300000000185e-03
9.717158172313018483e-01,4.755993828060253205e-03
9.558247586411600105e-01,6.162111692750430435e-03
9.399336894585632596e-01,7.568109850594652820e-03
9.240426492652560331e-01,8.974435610881313641e-03
9.081516612832236657e-01,1.038135120888000577e-02
8.922607230568844194e-01,1.178882868266676112e-02
8.763698316645714970e-01,1.319683483832184354e-02
8.604789650663444700e-01,1.460512079802260554e-02
8.445881006601869689e-01,1.601343149414437630e-02
8.286972112284951564e-01,1.742145977573920576e-02
8.128062765999837236e-01,1.882897786278384805e-02
7.969152738505707045e-01,2.023572664666896739e-02
7.810241940468252153e-01,2.164160471701362387e-02
7.651330412701407013e-01,2.304665772444261171e-02
7.492418182029488838e-01,2.445091552778400068e-02
7.333505527124137835e-01,2.585469317400055853e-02
7.174592668837259657e-01,2.725824057344782350e-02
7.015679939930536957e-01,2.866193444777130964e-02
6.856767672339089126e-01,3.006615045746228315e-02
6.697856220482361067e-01,3.147128929534136893e-02
6.538945999159647693e-01,3.287781901818874475e-02
6.380037193476064683e-01,3.428594720417035835e-02
6.221130343692093945e-01,3.569628086826175106e-02
6.062225450499796331e-01,3.710881722031308949e-02
5.903322766214748052e-01,3.852383638192534432e-02
5.744422409205414137e-01,3.994146649671857785e-02
5.585524106290706836e-01,4.136139724302509424e-02
5.426627890422500711e-01,4.278366166636117518e-02
5.267733000022081225e-01,4.420740617363986408e-02
5.108838753532991550e-01,4.563186920126172802e-02
4.949943981463910125e-01,4.705574573451888620e-02
4.791047164092429034e-01,4.847733773150559450e-02
4.632146110149651386e-01,4.989418501610363987e-02
4.473238985863620121e-01,5.130420692758187046e-02
4.314321392028366287e-01,5.270237632725501692e-02
4.155391169265099105e-01,5.408610661137951137e-02
3.996443412216312829e-01,5.544954480568673599e-02
3.837472729677560701e-01,5.678596038809274188e-02
3.678476148707255367e-01,5.809120207520875045e-02
3.519442382640898814e-01,5.935029172506590261e-02
3.360370014989007559e-01,6.055952499726419830e-02
3.201249271669187602e-01,6.170333298850382703e-02
3.042072430196336441e-01,6.276595283552409421e-02
2.882838297524764615e-01,6.373900897960703416e-02
2.723532039964439155e-01,6.458550192468796858e-02
2.564162764255145666e-01,6.530254644152783117e-02
2.404728865344319122e-01,6.585784523419109526e-02
2.245241843454524877e-01,6.622740594488372989e-02
2.085721855000000069e-01,6.640809139999999389e-02
1.986060386000000066e-01,6.640573230000000604e-02
1.959418303877200618e-01,6.638198120714726425e-02
1.932776221754401447e-01,6.635823011429452245e-02
1.906134139631601998e-01,6.633447902144178066e-02
1.879492866912325921e-01,6.630464546697636963e-02
1.852853898642787545e-01,6.625749455885365791e-02
1.826214930373249168e-01,6.621034365073096006e-02
1.799575962103710514e-01,6.616319274260824834e-02
1.772939732819229786e-01,6.610368176816823482e-02
1.746306027579905273e-01,6.603278067481034574e-02
1.719672322340580761e-01,6.596187958145245667e-02
1.693038617101256249e-01,6.589097848809456759e-02
1.666410889719890098e-01,6.580093262185397751e-02
1.639784834077452347e-01,6.570553282075602963e-02
1.613158778435014318e-01,6.561013301965809563e-02
1.586533176792113975e-01,6.551361775436059798e-02
1.559917661061880623e-01,6.539232168299549675e-02
1.533302145331647548e-01,6.527102561163039551e-02
1.506686629601414196e-01,6.514972954026530816e-02
1.480075484812218289e-01,6.501984175834402135e-02
1.453474286131682391e-01,6.487040347550442065e-02
1.426873087451146216e-01,6.472096519266481995e-02
1.400271888770610040e-01,6.457152690982521925e-02
1.373681765094277307e-01,6.440425443341947498e-02
1.347100058545618040e-01,6.422342776945275111e-02
1.320518351996959050e-01,6.404260110548602725e-02
1.293936645448300060e-01,6.386177444151930338e-02
1.267377134057827426e-01,6.365126575909088591e-02
1.240822110919826277e-01,6.343475484898769556e-02
1.214267087781824711e-01,6.321824393888450522e-02
1.187715613267701364e-01,6.299776200705257956e-02
1.161197457717668829e-01,6.273999510647307321e-02
1.134679302167636433e-01,6.248222820589355297e-02
1.108161146617603898e-01,6.222446130531403968e-02
1.081661569719977595e-01,6.194923475452510098e-02
1.055194782173193707e-01,6.164319377307717063e-02
1.028727994626409681e-01,6.133715279162923334e-02
1.002261207079625793e-01,6.103111181018130299e-02
9.758397748352043433e-02,6.068923938928166145e-02
9.494451824992045097e-02,6.032616299655513270e-02
9.230505901632045374e-02,5.996308660382860395e-02
8.966559978272047038e-02,5.960001021110207520e-02
8.703532163529972832e-02,5.917602141354704609e-02
8.440610777863465086e-02,5.874497152233736086e-02
8.177689392196955953e-02,5.831392163112766869e-02
7.915011583315376131e-02,5.786933903632658638e-02
7.653561148238288703e-02,5.735656568230778490e-02
7.392110713161198499e-02,5.684379232828899037e-02
7.130660278084111070e-02,5.633101897427018889e-02
6.870147295207588989e-02,5.577484656745075597e-02
6.610842336147414178e-02,5.516274908054883547e-02
6.351537377087239367e-02,5.455065159364691496e-02
6.092232418027064555e-02,5.393855410674500139e-02
5.835189198150275702e-02,5.323985214778872294e-02
5.579067229175684733e-02,5.250587448215482400e-02
5.322945260201093071e-02,5.177189681652092507e-02
5.066823291226502102e-02,5.103791915088702613e-02
4.815462545229479141e-02,5.015473031726080250e-02
4.564164788342027490e-02,4.926956747849878249e-02
4.312867031454578615e-02,4.838440463973676942e-02
4.063568769988647883e-02,4.744872838349166455e-02
3.819769649064200245e-02,4.637412688691807533e-02
3.575970528139752608e-02,4.529952539034448611e-02
3.332171407215304970e-02,4.422492389377089689e-02
3.094937974580032336e-02,4.301948044994727272e-02
2.863067725790067325e-02,4.170715873428471054e-02
2.631197477000101967e-02,4.039483701862215531e-02
2.399327228210136956e-02,3.908251530295960008e-02
2.183631694554562241e-02,3.752385925933891808e-02
1.971047427912865982e-02,3.591781988546518395e-02
1.758463161271169375e-02,3.431178051159144288e-02
1.549923292735634617e-02,3.266082271019059291e-02
1.367974451217329399e-02,3.071453613832965043e-02
1.186025609699024354e-02,2.876824956646870796e-02
1.004076768180719309e-02,2.682196299460776548e-02
8.414464119566084435e-03,2.473011520605310209e-02
7.045303833629786017e-03,2.244451471073324184e-02
5.676143547693485863e-03,2.015891421541338158e-02
4.306983261757186578e-03,1.787331372009352132e-02
3.163618927709577981e-03,1.547199199692004222e-02
2.203783159374481451e-03,1.298712098023545314e-02
1.396110995109337916e-03,1.044890088851807737e-02
7.876075309686704625e-04,7.857837806314237061e-03
5.218891843385611157e-04,5.206807200482662518e-03
2.561708377084488415e-04,2.555776594651060218e-03
1.001946947626669190e-05,-9.520552402041006603e-05
2.888730306710936323e-04,-2.744886675442317295e-03
5.677265918659205914e-04,-5.394567826864224945e-03
8.465801530607475504e-04,-8.044248978286133028e-03
1.407386733155409266e-03,-1.064622683784102394e-02
2.147106560882338592e-03,-1.320517254302488834e-02
3.035525252354764544e-03,-1.571635398086270938e-02
4.070356074148179584e-03,-1.817084946614344956e-02
5.249066870352379725e-03,-2.055964886793652802e-02
6.568329345578959901e-03,-2.287390412635016343e-02
8.024922748630019392e-03,-2.510439799463330332e-02
9.616062350368135420e-03,-2.724095272416621888e-02
1.133287419297071205e-02,-2.927773936043099809e-02
1.316914210990761773e-02,-3.120740356123923726e-02
1.511824618081898317e-02,-3.302295073181353569e-02
1.717320371439721646e-02,-3.471773616364384057e-02
1.932657454451142121e-02,-3.628562265501024398e-02
2.157062770431839027e-02,-3.772082692507198326e-02
2.389735717038585575e-02,-3.901790381694524718e-02
2.629845517496229301e-02,-4.017180016484351440e-02
2.876682448599148303e-02,-4.117373988431290849e-02
3.129136523215977211e-02,-4.202388214216935119e-02
3.386291903121356472e-02,-4.271861663768325434e-02
3.647203493870795205e-02,-4.325502454424071108e-02
3.910907207627409288e-02,-4.363064836745336045e-02
4.176420593255737723e-02,-4.384352509112467156e-02
4.442743902735093314e-02,-4.389225631790996673e-02
4.708865556860107604e-02,-4.377657038005008244e-02
4.973772347851510012e-02,-4.349670608841538916e-02
5.236457885589836103e-02,-4.305388320470176361e-02
5.495880516068772648e-02,-4.244830129995147416e-02
5.751094615220118250e-02,-4.168476538650821295e-02
6.001277139332059779e-02,-4.076997278414467435e-02
6.245657705970679430e-02,-3.971000949033390293e-02
6.483523996012974244e-02,-3.851104029217308766e-02
6.714161723540916504e-02,-3.717832600314430191e-02
6.936767945424036907e-02,-3.571540160231870265e-02
7.150343499879401044e-02,-3.412352192717771349e-02
7.353526112419800365e-02,-3.240093701329551518e-02
7.544397042398490183e-02,-3.054280368018598077e-02
7.720030904338681665e-02,-2.854031873735846103e-02
7.878481710760820711e-02,-2.639935705376973002e-02
8.017423253905217595e-02,-2.412680778499495110e-02
8.136904122568912323e-02,-2.174606707762942806e-02
8.240472543636828684e-02,-1.929167889424719673e-02
8.335319201825798496e-02,-1.680196082395151932e-02
8.431786539625707455e-02,-1.431849007167099869e-02
8.534304089896510570e-02,-1.185939732003770189e-02
8.642883748716553849e-02,-9.426472395530143336e-03
8.757621376093419063e-02,-7.021963874616100887e-03
8.878886717275080720e-02,-4.649711247693678016e-03
9.006395547439283167e-02,-2.310446635197151675e-03
9.140161711634722796e-02,-6.386196074458362452e-06
9.280380086458625555e-02,2.258987681217124004e-03
9.426954123873253211e-02,4.483755803643045199e-03
9.579679467416028771e-02,6.666748400182357856e-03
9.738518624939282442e-02,8.805684346111590163e-03
9.903609065335393369e-02,1.089674725235066297e-02
1.007452424327718032e-01,1.294045635781207980e-02
1.025111516206791695e-01,1.493534307155903844e-02
1.043341782389077682e-01,1.687817691530656833e-02
1.062112056343307298e-01,1.876888038175381426e-02
1.081392994503474619e-01,2.060748168079995848e-02
1.101170186564687931e-01,2.239261483286475451e-02
1.121434266566073840e-01,2.412228432853902663e-02
1.142142012350451791e-01,2.579857119507028215e-02
1.163270991938609861e-01,2.742146583580627739e-02
1.184815578111509254e-01,2.898877608949873563e-02
1.206739250374661288e-01,3.050259626108204822e-02
1.229015444189641287e-01,3.196405666113544264e-02
1.251628417204577459e-01,3.337286647805559614e-02
1.274561975939920155e-01,3.472886914903689642e-02
1.297783984021582682e-01,3.603485290818398551e-02
1.321275394091629696e-01,3.729175868602099125e-02
1.345028978994755597e-01,3.849839537240506981e-02
1.369016848505410222e-01,3.965774982709619617e-02
1.393220553675932893e-01,4.077135284499115719e-02
1.417628355054458555e-01,4.183949861783305829e-02
1.442227974930179457e-01,4.286269964889176387e-02
1.466998725462266284e-01,4.384374311745804081e-02
1.491927971794264618e-01,4.478380451790028860e-02
1.517010101877430961e-01,4.568228783571164769e-02
1.542228264633368207e-01,4.654184446461781532e-02
1.567570869426824220e-01,4.736399509183589901e-02
1.593030049128783820e-01,4.814931999883773767e-02
1.618598951940751485e-01,4.889815457863232878e-02
1.644264984151529163e-01,4.961298533534488908e-02
1.670020575775401084e-01,5.029485967944086200e-02
1.695861753602700972e-01,5.094355347539035461e-02
1.721778923034978925e-01,5.156120956467859229e-02
1.747769448346375154e-01,5.214719625821662152e-02
1.773820413924597494e-01,5.270571051616506492e-02
1.799932883030655739e-01,5.323471009355048439e-02
1.826099113756726455e-01,5.373646868084413358e-02
1.852314292371373683e-01,5.421197955157888021e-02
1.878576983892383256e-01,5.466053531567801466e-02
1.904878403312344481e-01,5.508579702282992430e-02
1.931221535390295618e-01,5.548442069451372388e-02
1.957596090173037706e-01,5.586169692526665037e-02
1.984004962632150149e-01,5.621414550643621250e-02
2.010440731558607030e-01,5.654582829257869675e-02
2.036903364047412957e-01,5.685533449456454946e-02
2.063389426425299433e-01,5.714413063234580897e-02
2.089896304114005066e-01,5.741314073356922065e-02
2.116423320186304746e-01,5.766153548344689350e-02
2.142966220169369163e-01,5.789234534755113154e-02
2.169526142042017547e-01,5.810267779595694460e-02
2.196098487289236123e-01,5.829668418361717147e-02
2.222683928161663658e-01,5.847182352788771881e-02
2.249279528809147444e-01,5.863080760373240441e-02
2.275884688616190421e-01,5.877288082688942455e-02
2.302498025482370980e-01,5.889874625284933357e-02
2.329118083377527126e-01,5.900947771603605452e-02
2.355744411356874290e-01,5.910397739691402447e-02
2.382375193999999863e-01,5.918497959999999974e-02
2.400865927999999982e-01,5.923205749999999742e-02
2.555418397026811839e-01,5.936830431763610860e-02
2.709953140472847188e-01,5.909004274302328413e-02
2.864380573702265398e-01,5.844905841443122363e-02
3.018673282612657216e-01,5.753508070987644468e-02
3.172904045404489337e-01,5.652119332131364665e-02
3.327084817456328891e-01,5.543384983786360520e-02
3.481220763139386554e-01,5.428466520892892555e-02
3.635317034829912974e-01,5.308342110788404761e-02
3.789379589826727956e-01,5.183965865801602041e-02
3.943413592776977561e-01,5.056100089771744382e-02
4.097423528695167683e-01,4.925366118796343368e-02
4.251414642779747233e-01,4.792432764154678365e-02
4.405390845599496674e-01,4.657782640356310233e-02
4.559355748182329360e-01,4.521846138098278151e-02
4.713312700592922067e-01,4.385011971595646763e-02
4.867264232592752315e-01,4.247569181528792343e-02
5.021212587722730936e-01,4.109770956997917807e-02
5.175159516331675480e-01,3.971813435677293974e-02
5.329106336203135452e-01,3.833843779282372632e-02
5.483054025249272101e-01,3.695971145615412762e-02
5.637003239640563379e-01,3.558268943939200957e-02
5.790954341893548296e-01,3.420777969653528844e-02
5.944907564006275402e-01,3.283524568479049416e-02
6.098862896571571879e-01,3.146508097253442743e-02
6.252820248774373368e-01,3.009718744269767113e-02
6.406779517281645520e-01,2.873145241103736841e-02
6.560740416623495053e-01,2.736755704280686638e-02
6.714702688263042285e-01,2.600521161782284527e-02
6.868666040150308572e-01,2.464408753104153568e-02
7.022630129018996303e-01,2.328379731902797262e-02
7.176594628642800622e-01,2.192397208649780535e-02
7.330559219184338282e-01,2.056424979534717673e-02
7.484523642817829669e-01,1.920433852731789903e-02
7.638487629875327922e-01,1.784393308182708610e-02
7.792451015813492976e-01,1.648284749754625952e-02
7.946413679880810488e-01,1.512094559736851598e-02
8.100375614531686308e-01,1.375821934380052139e-02
8.254336907146998525e-01,1.239476789994849518e-02
8.408297699865855401e-01,1.103075208143463291e-02
8.562258234587853956e-01,9.666445079911486354e-03
8.716218723051998296e-01,8.302085877016354351e-03
8.870179396130328797e-01,6.937935020229484863e-03
9.024140438289370847e-01,5.574200783543099835e-03
9.178101963233021854e-01,4.211011706947308600e-03
9.332063984386782529e-01,2.848383175180047022e-03
9.486026384571386583e-01,1.486182968845641472e-03
9.639988886928797518e-01,1.240982454763354156e-04
9.793951025283732514e-01,-1.238397846154256710e-03
9.947912112000000251e-01,-2.602081699999999817e-03
9.949077290000000184e-01,-2.612409200000000067e-03
9.950087205482047725e-01,-2.621360632385294400e-03
9.951097120899589088e-01,-2.630312137548530393e-03
9.952107036199832057e-01,-2.639263775046321158e-03
9.953116951412128710e-01,-2.648215511764535467e-03
9.954126866559915854e-01,-2.657167321260600797e-03
9.955136781641629184e-01,-2.666119205297801976e-03
9.956146696648249250e-01,-2.675071174052761139e-03
9.957156611520467937e-01,-2.684023294431229622e-03
9.958166526322259626e-01,-2.692975494258952572e-03
9.959176441054335971e-01,-2.701927772735118315e-03
9.960186355677521641e-01,-2.710880174049599533e-03
9.961196270206413850e-01,-2.719832681736343745e-03
9.962206184645697737e-01,-2.728785290506741557e-03
9.963216098983229685e-01,-2.737738014061025325e-03
9.964226013314727570e-01,-2.746690744420539516e-03
9.965235927417835926e-01,-2.755643732412607887e-03
9.966245841520944282e-01,-2.764596720404676258e-03
9.967255755518240612e-01,-2.773549827752389355e-03
9.968265669427683884e-01,-2.782503034198822566e-03
9.969275583243143446e-01,-2.791456346658055011e-03
9.970285496967762340e-01,-2.800409761583305332e-03
9.971295410635873102e-01,-2.809363240246309876e-03
9.972305390992638463e-01,-2.818237384750355620e-03
9.973315870471445299e-01,-2.826521548222217430e-03
9.974327276983644408e-01,-2.833566080741941381e-03
9.975339733401257236e-01,-2.838857300236024596e-03
9.976353108680393600e-01,-2.841874660339791404e-03
9.977366934585230052e-01,-2.842112012794029228e-03
9.978380105824320445e-01,-2.838538188074766089e-03
9.979391171464677690e-01,-2.831176938085549696e-03
9.980398313516799513e-01,-2.819649789419922253e-03
9.981399328639354307e-01,-2.803631089794932779e-03
9.982389849183218589e-01,-2.782065684105709379e-03
9.983367971062596657e-01,-2.755463686021710455e-03
9.984330852512276477e-01,-2.723789128930740547e-03
9.985275488840144043e-01,-2.687010158471383678e-03
9.986195477523143182e-01,-2.644438742084935425e-03
9.987091566925460073e-01,-2.597058677693238945e-03
9.987961808834081578e-01,-2.545082662293124149e-03
9.988804674605652467e-01,-2.488763175452788756e-03
9.989616217750337812e-01,-2.428013012422225708e-03
9.990397273202233919e-01,-2.363392198077564951e-03
9.991148974664970650e-01,-2.295382307323114331e-03
9.991871323587195874e-01,-2.224260581963458366e-03
9.992564395002522248e-01,-2.150277674635779884e-03
9.993228186203837460e-01,-2.073649712881633390e-03
9.993859517719888563e-01,-1.994325108819870133e-03
9.994461771041590614e-01,-1.912775383984099747e-03
9.995034893923057107e-01,-1.829154913546139714e-03
9.995578783893548369e-01,-1.743604571117982494e-03
9.996093284703333470e-01,-1.656253993679890867e-03
9.996578188951928956e-01,-1.567223855246924246e-03
9.997033238631974905e-01,-1.476627683382646800e-03
9.997455344035195424e-01,-1.384450109496623534e-03
9.997846422922043175e-01,-1.290916837414559813e-03
9.998206529565918377e-01,-1.196150460246281182e-03
9.998535251067495189e-01,-1.100251379756544577e-03
9.998832162459017070e-01,-1.003320089487374145e-03
9.999096839945808002e-01,-9.054580289258499321e-04
9.999328872020842862e-01,-8.067681516034699287e-04
9.999525950545493647e-01,-7.073201847377844206e-04
9.999687849487850499e-01,-6.072406954708502820e-04
9.999795184255571012e-01,-5.065234731699180034e-04
9.999836147404456144e-01,-4.052187785359340124e-04
9.999877110553342385e-01,-3.039140839019500756e-04
9.999918073702228627e-01,-2.026093892679670062e-04
9.999959036851113758e-01,-1.013046946339830694e-04
1.000000000000000000e+00,0.000000000000000000e+00
