# 15
# x y z
0.022745655266124216 0.038614460070204325 0.0
0.022935421831152457 0.038719516343400796 0.0
0.023149377691056943 0.03883718265292468 0.0
0.02338831364451474 0.03896709903686985 0.0
0.023653020490202892 0.039108905533330116 0.0
0.02394428902679847 0.03926224218039932 0.0
0.024262910052978523 0.039426749016171325 0.0
0.024609674367420096 0.039602066078739916 0.0
0.02498537276880027 0.039787833406198965 0.0
0.02539079605579608 0.039983691036642295 0.0
0.025826735027084585 0.040189279008163735 0.0
0.02629398048134285 0.040404237358857155 0.0
0.02679332321724792 0.04062820612681635 0.0
0.02732555403347686 0.040860825350135174 0.0
0.027891463728706718 0.04110173506690746 0.0
0.02849184310161456 0.04135057531522705 0.0
0.029127482950877442 0.04160698613318779 0.0
0.02979917407517241 0.04187060755888349 0.0
0.030507707273176525 0.042141079630407995 0.0
0.03125387334356686 0.042418042385855156 0.0
0.03203846308502043 0.042701135863318786 0.0
0.032862267296214324 0.04299000010089273 0.0
0.03372607677582559 0.04328427513667084 0.0
0.03463068232253128 0.04358360100874692 0.0
0.03557687473500846 0.043887617755214825 0.0
0.03656544481193418 0.044195965414168405 0.0
0.0375971833519855 0.04450828402370147 0.0
0.03867288115383946 0.04482421362190787 0.0
0.03979332901617314 0.04514339424688144 0.0
0.04095931773766359 0.04546546593671602 0.0
0.042171638116987833 0.04579006872950542 0.0
0.043431080952822984 0.046116842663343524 0.0
0.04473843704384606 0.04644542777632413 0.0
0.04609449718873411 0.04677546410654106 0.0
0.04750005218616422 0.047106591692088196 0.0
0.048955892834813435 0.04743845057105936 0.0
0.05046280993335879 0.047770680781548364 0.0
0.052021594280477354 0.04810292236164905 0.0
0.053633036674846216 0.04843481534945529 0.0
0.055297927915142375 0.04876599978306087 0.0
0.05701705880004293 0.04909611570055967 0.0
0.05879122012822492 0.0494248031400455 0.0
0.060621202698365406 0.0497517021396122 0.0
0.06250779730914144 0.05007645273735361 0.0
0.06445179475923007 0.050398694971363546 0.0
0.06645398584730838 0.05071806887973588 0.0
0.0685151613720534 0.051034214500564425 0.0
0.07063611213214219 0.05134677187194303 0.0
0.07281762892625182 0.05165538103196552 0.0
0.07506050255305932 0.05195968201872572 0.0
0.07736552381124179 0.052259314870317486 0.0
0.07973348349947623 0.05255391962483465 0.0
0.08216517241643972 0.05284313632037105 0.0
0.08466138136080936 0.05312660499502051 0.0
0.08722290113126213 0.053403965686876886 0.0
0.08985052252647512 0.05367485843403398 0.0
0.09254503634512543 0.05393892327458567 0.0
0.09530723338589005 0.054195800246625764 0.0
0.09813790444744605 0.05444512938824811 0.0
0.10103784032847052 0.05468655073754653 0.0
0.10400783182764047 0.05491970433261487 0.0
0.107048669743633 0.05514423021154698 0.0
0.11016114487512513 0.05535976841243667 0.0
0.11334604802079394 0.05556595897337779 0.0
0.11660416997931647 0.05576244193246417 0.0
0.1199363015493698 0.05594885732778965 0.0
0.12334323352963096 0.056124845197448064 0.0
0.12682575671877702 0.05629004557953326 0.0
0.13038466191548503 0.05644409851213905 0.0
0.13402073991843202 0.05658664403335929 0.0
0.1377347815262951 0.05671732218128781 0.0
0.14152757753775133 0.05683577299401845 0.0
0.14539991875147773 0.05694163650964504 0.0
0.14935259596615133 0.057034552766261404 0.0
0.15338639998044923 0.057114161801961404 0.0
0.15750212159304844 0.05718010365483886 0.0
0.1617005516026261 0.05723201836298761 0.0
0.16598248080785918 0.05726954596450149 0.0
0.1703487000074248 0.057292326497474344 0.0
0.1748 0.0573 0.0
0.17725383390540342 0.05730166639353226 0.0
0.17961843815339654 0.057306358931853804 0.0
0.18190028472347228 0.05731361765155191 0.0
0.18410584559512333 0.057322982589213714 0.0
0.18624159274784252 0.057333993781426465 0.0
0.1883139981611226 0.05734619126477739 0.0
0.1903295338144563 0.05735911507585366 0.0
0.1922946716873365 0.05737230525124252 0.0
0.1942158837592558 0.05738530182753113 0.0
0.19609964200970717 0.057397644841306765 0.0
0.19795241841818326 0.05740887432915658 0.0
0.19978068496417686 0.05741853032766783 0.0
0.20159091362718082 0.05742615287342771 0.0
0.20338957638668775 0.0574312820030234 0.0
0.20518314522219067 0.057433457753042164 0.0
0.20697809211318202 0.05743222016007115 0.0
0.20878088903915493 0.057427109260697634 0.0
0.21059800797960185 0.05741766509150877 0.0
0.21243592091401586 0.057403427689091825 0.0
0.21430109982188955 0.05738393709003397 0.0
0.21620001668271563 0.057358733330922396 0.0
0.21813914347598706 0.05732735644834437 0.0
0.22012495218119643 0.057289346478887046 0.0
0.2221639147778367 0.057244243459137686 0.0
0.22426250324540045 0.05719158742568345 0.0
0.22642718956338065 0.0571309184151116 0.0
0.22866444571126998 0.05706177646400932 0.0
0.2309807436685611 0.0569837016089638 0.0
0.23338255541474692 0.05689623388656228 0.0
0.23587635292932024 0.05679891333339197 0.0
0.2384686081917737 0.05669127998604006 0.0
0.2411657931816002 0.05657287388109377 0.0
0.24397437987829246 0.056443235055140324 0.0
0.24690084026134326 0.05630190354476693 0.0
0.24995164631024536 0.05614841938656076 0.0
0.2531332700044915 0.05598232261710907 0.0
0.2564521833235746 0.05580315327299906 0.0
0.2599148582469872 0.055610451390817925 0.0
0.26352776675422224 0.05540375700715287 0.0
0.2672973808247725 0.05518261015859115 0.0
0.2712301724381307 0.054946550881719944 0.0
0.2753326135737895 0.05469511921312643 0.0
0.27961117621124193 0.054427855189397883 0.0
0.28407233232998064 0.054144298847121484 0.0
0.2887225539094983 0.053843990222884414 0.0
0.29356831292928776 0.053526469353273924 0.0
0.29861608136884193 0.05319127627487722 0.0
0.30387233120765333 0.05283795102428151 0.0
0.3093435344252149 0.05246603363807398 0.0
0.31503616300101944 0.05207506415284188 0.0
0.32095668891455964 0.05166458260517238 0.0
0.32711158414532826 0.05123412903165271 0.0
0.3335073206728181 0.05078324346887009 0.0
0.34015037047652197 0.05031146595341171 0.0
0.34704720553593255 0.049818336521864806 0.0
0.35420429783054275 0.04930339521081656 0.0
0.3616281193398452 0.0487661820568542 0.0
0.3693251420433328 0.048206237096564936 0.0
0.3773018379204982 0.047623100366535956 0.0
0.38556467895083424 0.04701631190335451 0.0
0.3941201371138338 0.046385411743607774 0.0
0.4029746843889894 0.045729939923882974 0.0
0.4121347927557941 0.04504943648076732 0.0
0.4216069341937404 0.04434344145084802 0.0
0.43139758068232126 0.04361149487071228 0.0
0.44151320420102946 0.04285313677694731 0.0
0.45196027672935757 0.04206790720614034 0.0
0.4627452702467986 0.041255346194878556 0.0
0.47387465673284523 0.040414993779749185 0.0
0.48535490816699023 0.03954638999733942 0.0
0.4971924965287263 0.03864907488423649 0.0
0.5093938937975462 0.0377225884770276 0.0
0.521965571952943 0.03676647081229994 0.0
0.5349140029744092 0.03578026192664075 0.0
0.5482456588414377 0.03476350185663722 0.0
0.561967011533521 0.03371573063887658 0.0
0.5760845330301522 0.032636488309946025 0.0
0.5906046953108239 0.03152531490643276 0.0
0.6055339703550291 0.030381750464924015 0.0
0.6208788301422603 0.029205335022006982 0.0
0.6366457466520103 0.027995608614268887 0.0
0.6528411918637721 0.026752111278296922 0.0
0.6694716377570382 0.025474383050678322 0.0
0.6865435563113014 0.024161963968000282 0.0
0.7040634195060548 0.02281439406685 0.0
0.7220376993207908 0.02143121338381471 0.0
0.7404728677350024 0.020011961955481605 0.0
0.7593753967281821 0.01855617981843791 0.0
0.7787517582798231 0.017063407009270816 0.0
0.7986084243694178 0.015533183564567564 0.0
0.818951866976459 0.013965049520915344 0.0
0.8397885580804398 0.012358544914901352 0.0
0.8611249696608525 0.01071320978311283 0.0
0.8829675736971905 0.009028584162136958 0.0
0.9053228421689458 0.007304208088560977 0.0
0.9281972470556117 0.005539621598972083 0.0
0.951597260336681 0.003734364729957465 0.0
0.9755293539916461 0.0018879775181043742 0.0
1.0 0.0 0.0
1.0000268369299645 -3.540416047480928e-06 0.0
1.0000531337543876 -9.96166054966646e-06 0.0
1.0000785821670468 -1.9188450285768423e-05 0.0
1.0001028838085713 -3.1112609582265195e-05 0.0
1.000125753764433 -4.559433857376826e-05 0.0
1.00014692390531 -6.24638522286233e-05 0.0
1.0001661460306566 -8.152337092317055e-05 0.0
1.000183194778628 -0.00010254943922700062 0.0
1.0001978702682417 -0.00012529554571356864 0.0
1.0002100004428005 -0.0001494950130812831 0.0
1.0002194430870979 -0.00017486412470104154 0.0
1.0002260874947633 -0.0002011054509343023 0.0
1.000229855766192 -0.0002279113362236537 0.0
1.0002307037218465 -0.0002549675060729328 0.0
1.000228621420222 -0.00028195675162834874 0.0
1.0002236332744017 -0.00030856264866226693 0.0
1.0002157977658344 -0.0003344732673579682 0.0
1.0002052067586935 -0.00035938482940155007 0.0
1.000191984422855 -0.00038300526950491 0.0
1.000176285778117 -0.00040505765960421034 0.0
1.0001582948767354 -0.0004252834555882294 0.0
1.00013822264558 -0.00044344552849167614 0.0
1.0001163044132089 -0.0004593309446154993 0.0
1.0000927971508564 -0.0004727534619798215 0.0
1.0000679764596807 -0.00048355571384087073 0.0
1.0000421333395921 -0.0004916110536721692 0.0
1.0000155707775453 -0.0004968250399792625 0.0
0.9999886001952937 -0.000499136543539893 0.0
0.9999615377982546 -0.0004985184640882402 0.0
0.9754909034835637 0.0013894586035847782 0.0
0.9515588445924713 0.00323584447635889 0.0
0.92815888866981 0.005041099135969536 0.0
0.905284563260413 0.006805682564152097 0.0
0.8829293959091129 0.008530054742642014 0.0
0.8610869141607422 0.010214675653174727 0.0
0.8397506455601345 0.011860005277485623 0.0
0.8189141176521217 0.013466503597310154 0.0
0.7985708579815372 0.015034630594383707 0.0
0.7787143940932136 0.01656484625044172 0.0
0.7593382535319835 0.018057610547219636 0.0
0.7404359638426802 0.019513383466452844 0.0
0.7220010525701358 0.020932624989876785 0.0
0.704027047259184 0.022315795099226855 0.0
0.6865074754546566 0.02366335377623851 0.0
0.6694358647013874 0.02497576100264714 0.0
0.6528057425442084 0.02625347676018817 0.0
0.6366106365279527 0.027496961030597053 0.0
0.6208440741974532 0.02870667379560917 0.0
0.6054995830975425 0.02988307503695997 0.0
0.5905706907730536 0.03102662473638485 0.0
0.5760509247688191 0.03213778287561926 0.0
0.561933812629672 0.0332170094363986 0.0
0.548212881900445 0.03426476440045829 0.0
0.5348816601259708 0.03528150774953376 0.0
0.5219336748510824 0.036267699465360424 0.0
0.5093624536206124 0.037223799529673716 0.0
0.49716152397939384 0.038150267924209044 0.0
0.48532441347225924 0.03904756463070183 0.0
0.4738446496440416 0.0399161496308875 0.0
0.4627157600395736 0.040756482906501475 0.0
0.4519312722036881 0.041569024439279186 0.0
0.441484713681218 0.04235423421095602 0.0
0.43136961201699586 0.043112572203267446 0.0
0.42157949475585477 0.04384449839794884 0.0
0.41210788944262733 0.04455047277673565 0.0
0.4029483236221463 0.045230955321363286 0.0
0.39409432483924467 0.04588640601356718 0.0
0.385539420638755 0.04651728483508274 0.0
0.3772771385655104 0.04712405176764539 0.0
0.36930100616434336 0.047707166792990564 0.0
0.3616045509800868 0.04826708989285366 0.0
0.3541813005575737 0.04880428104897013 0.0
0.34702478244163654 0.049319200243075366 0.0
0.3401285241771083 0.049812307456904785 0.0
0.33348605330882175 0.05028406267219385 0.0
0.3270908973816098 0.05073492587067794 0.0
0.32093658394030505 0.0511653570340925 0.0
0.31501664052974043 0.05157581614417295 0.0
0.30932459469474854 0.05196676318265467 0.0
0.30385397398016256 0.05233865813127314 0.0
0.298598305930815 0.052691960971763756 0.0
0.29355111809153867 0.05302713168586192 0.0
0.2887059380071665 0.053344630255303095 0.0
0.27792722776417605 0.05393134839478172 0.0
0.26752711606850244 0.05429152754781629 0.0
0.2574990192251938 0.05443419716545853 0.0
0.24783635353929853 0.05436838669876014 0.0
0.23853253531586482 0.05410312559877281 0.0
0.22958098085994114 0.05364744331654826 0.0
0.22097510647657562 0.05301036930313822 0.0
0.21270832847081658 0.05220093300959436 0.0
0.20477406314771238 0.051228163886968395 0.0
0.19716572681231126 0.05010109138631204 0.0
0.18987673576966158 0.04882874495867702 0.0
0.18290050632481156 0.047420154055115 0.0
0.17623045478280952 0.045884348126677715 0.0
0.16985999744870378 0.04423035662441687 0.0
0.16378255062754266 0.042467208999384165 0.0
0.15799153062437438 0.04060393470263132 0.0
0.15248035374424723 0.03864956318521001 0.0
0.1472424362922096 0.03661312389817198 0.0
0.14227119457330972 0.0345036462925689 0.0
0.1375600448925959 0.03233015981945252 0.0
0.13310240355511646 0.03010169392987451 0.0
0.12889168686591965 0.027827278074886587 0.0
0.12492131113005377 0.025515941705540463 0.0
0.12118469265256715 0.023176714272887852 0.0
0.11767524773850808 0.020818625227980454 0.0
0.11438639269292482 0.018450704021869952 0.0
0.11131154382086572 0.016081980105608084 0.0
0.10844411742737903 0.013721482930246554 0.0
0.10577752981751305 0.011378241946837054 0.0
0.10330519729631613 0.009061286606431303 0.0
0.10102053616883648 0.0067796463600809966 0.0
0.09891696274012246 0.004542350658837855 0.0
0.09698789331522234 0.0023584289537535714 0.0
0.09522674419918442 0.0002369106958798558 0.0
0.09362693169705699 -0.0018131746637315663 0.0
0.09218187211388836 -0.0037827976740290132 0.0
0.0908849817547268 -0.005662928883960762 0.0
0.08972967692462064 -0.0074445388424751215 0.0
0.08870937392861816 -0.009118598098520371 0.0
0.08781748907176767 -0.010676077201044815 0.0
0.08704743865911745 -0.012107946698996732 0.0
0.0863926389957158 -0.013405177141324425 0.0
0.08584650638661097 -0.01455873907697618 0.0
0.08540245713685134 -0.015559603054900303 0.0
0.08505390755148515 -0.01639873962404508 0.0
0.0847942739355607 -0.0170671193333588 0.0
0.08461697259412627 -0.017555712731789762 0.0
0.08451541983223022 -0.017855490368286257 0.0
0.08448303195492082 -0.01795742279179658 0.0
0.08448303195492084 -0.017957422791796577 0.0
0.08357611785204955 -0.0198696686212 0.0
0.08257860528122958 -0.021736255338476642 0.0
0.08149278645674929 -0.023552893657587434 0.0
0.08032115651450655 -0.025315409070427248 0.0
0.07906640777836063 -0.027019751439553194 0.0
0.07773142357335974 -0.028662004305117925 0.0
0.07631927160006116 -0.03023839388462122 0.0
0.07483319688516962 -0.03174529774479864 0.0
0.07327661432469218 -0.03317925312572056 0.0
0.07165310083674546 -0.03453696489797288 0.0
0.0699663871420475 -0.035815313134634534 0.0
0.06822034919098177 -0.03701136028065171 0.0
0.06641899925693373 -0.038122357903134556 0.0
0.06456647671636627 -0.03914575300706418 0.0
0.06266703853682178 -0.040079193901897 0.0
0.060725049494707514 -0.04092053560558557 0.0
0.05874497214534399 -0.041667844773597695 0.0
0.05673135656832424 -0.04231940414160725 0.0
0.054688829911748435 -0.04287371647164771 0.0
0.05262208575936039 -0.043329507992660644 0.0
0.05053587334501945 -0.04368573132753268 0.0
0.048434986639292674 -0.04394156789989501 0.0
0.046324253333244865 -0.044096429815154804 0.0
0.04420852374474126 -0.04414996121143598 0.0
0.04209265967275553 -0.04410203907732491 0.0
0.03998152322529525 -0.04395277353454213 0.0
0.037879965646616456 -0.043702507584890256 0.0
0.035792816169403094 -0.04335181632205979 0.0
0.03372487091752735 -0.042901505610103974 0.0
0.031680881884891474 -0.0423526102316194 0.0
0.029665546015677363 -0.04170639150988779 0.0
0.027683494411096524 -0.04096433441044308 0.0
0.025739281687442904 -0.040128144128724355 0.0
0.023837375509901997 -0.039199742171655554 0.0
0.021982146326168208 -0.03818126194215669 0.0
0.020177857323461036 -0.03707504383673281 0.0
0.018428654632018232 -0.035883629867406154 0.0
0.01673855779757769 -0.03460975782034975 0.0
0.015111450544742007 -0.03325635496464601 0.0
0.013551071852450157 -0.03182653132562646 0.0
0.01206100736206487 -0.030323572538250583 0.0
0.010644681137818891 -0.028750932296945968 0.0
0.009305347798554305 -0.027112224419259402 0.0
0.008046085038835596 -0.025411214541556433 0.0
0.006869786556622105 -0.023651811465851533 0.0
0.00577915540375222 -0.021838058177654038 0.0
0.004776697774518696 -0.019974122555469345 0.0
0.0038647172466091326 -0.018064287793305007 0.0
0.003045309487645108 -0.01611294255818973 0.0
0.0023203574394842566 -0.014124570905322742 0.0
0.001691526991351243 -0.012103741974027893 0.0
0.0011602631517405176 -0.010055099488190092 0.0
0.0007277867278876957 -0.007983351085302086 0.0
0.00039509152043964296 -0.005893257498641758 0.0
0.00016294203976996435 -0.003789621617439327 0.0
3.187174918748564e-05 -0.0016772774501729803 0.0
2.1818390748135075e-06 0.00043892098364534083 0.0
7.394053477383089e-05 0.0025541108076680037 0.0
0.0002469829398086404 0.00466343146326245 0.0
0.0005209114148061397 0.006762035878735522 0.0
0.0008950964912435716 0.008845101607566238 0.0
0.0013686783179232762 0.01090784191005132 0.0
0.0019405686368507216 0.012945516752899068 0.0
0.0026094532839754866 0.014953443701495154 0.0
0.0033737952090484927 0.016927008679810597 0.0
0.004231838007656287 0.018861676573226627 0.0
0.005181609957315841 0.020753001649911604 0.0
0.006220928548355167 0.02259663777680258 0.0
0.0073474054991683885 0.02438834840671584 0.0
0.008558452244320086 0.026124016313636693 0.0
0.009851285882888174 0.027799653053817663 0.0
0.011222935573376003 0.029411408130943895 0.0
0.012670249360498834 0.030955577844304992 0.0
0.01418990141815717 0.03242861379964088 0.0
0.01577839969195306 0.03382713106310423 0.0
0.017432093923687508 0.035147915939602224 0.0
0.019147184039399027 0.036387933357643676 0.0
0.020919728881668567 0.03754433384372157 0.0
0.022745655266124223 0.03861446007020433 0.0
