1.000000000000000000e+00,0.000000000000000000e+00
9.999957733486022349e-01,9.926891395894084954e-05
9.999874219286499777e-01,1.982720916082920124e-04
9.999747037255353188e-01,2.968096366942278141e-04
9.999576596482652180e-01,3.946919479016577936e-04
9.999363375573354640e-01,4.917321945872186670e-04
9.999108066327682121e-01,5.877509209404647864e-04
9.998810926169684477e-01,6.825586148469656514e-04
9.998472150608572750e-01,7.759593065424870342e-04
9.998091784923017755e-01,8.677447577888715204e-04
9.997669733206556719e-01,9.576891751368174412e-04
9.997205816944912948e-01,1.045546707064324036e-03
9.996699476122747896e-01,1.131028489430966092e-03
9.996149762757566837e-01,1.213786584272389052e-03
9.995555806839294677e-01,1.293427199348645869e-03
9.994916732553926764e-01,1.369492106949302210e-03
9.994231864179675684e-01,1.441458632552712095e-03
9.993501441966805565e-01,1.508794890882121046e-03
9.992726619955258904e-01,1.570968777245322417e-03
9.991909951107217358e-01,1.627532456749242922e-03
9.991055425939912027e-01,1.678196824169815582e-03
9.990167837411020324e-01,1.722818302765719489e-03
9.989252356883970840e-01,1.761399480766294261e-03
9.988314595008140895e-01,1.794204978034400410e-03
9.987359981641555917e-01,1.821735820287729776e-03
9.986393111442447568e-01,1.844605499274287958e-03
9.985417687234572348e-01,1.863511478923790586e-03
9.984436758401444845e-01,1.879331073694684830e-03
9.983452643764518797e-01,1.893043136449704253e-03
9.982467053000000368e-01,1.905657999999999961e-03
9.899456195000000402e-01,2.949625799999999829e-03
9.734608636108622592e-01,5.021615665040871437e-03
9.569760778022574632e-01,7.093367487797138347e-03
9.404913670532464298e-01,9.165716458871535355e-03
9.240067496675133940e-01,1.123880796554757588e-02
9.075221824173348439e-01,1.331229810305551049e-02
8.910375913960126848e-01,1.538559924287713661e-02
8.745529014065538398e-01,1.745811333202217097e-02
8.580680639233095874e-01,1.952945391889225613e-02
8.415830889666452430e-01,2.159970013689143167e-02
8.250980416907919279e-01,2.366937042150303247e-02
8.086130206189927616e-01,2.573924940632841760e-02
7.921281349556962281e-01,2.781020650035413017e-02
7.756434830861658192e-01,2.988302370387681609e-02
7.591591307715974679e-01,3.195822177699903649e-02
7.426750890587485721e-01,3.403588563978955650e-02
7.261912916446878752e-01,3.611548689786932970e-02
7.097075847867336806e-01,3.819580586191995836e-02
6.932237560746801197e-01,4.027515900111394709e-02
6.767395702612043484e-01,4.235167909112033668e-02
6.602548117899162960e-01,4.442364788750567672e-02
6.437693272896336527e-01,4.648983196763868675e-02
6.272830676031468933e-01,4.854982170754929688e-02
6.107961418684719757e-01,5.060447428212083709e-02
5.943088226106908456e-01,5.265596697454763553e-02
5.778215408036907474e-01,5.470776057908773027e-02
5.613348584675464936e-01,5.676436474685159217e-02
5.448493442782423868e-01,5.883031036426359522e-02
5.283655031381793155e-01,6.090956125979331282e-02
5.118836892068864275e-01,6.300481953759955178e-02
4.954039626434810217e-01,6.511643257998529777e-02
4.789260192371685987e-01,6.724191791484263048e-02
4.624490814353475199e-01,6.937518727760888515e-02
4.459719628630370303e-01,7.150705874398556594e-02
4.294931148398903331e-01,7.362551141466014415e-02
4.130107635451693571e-01,7.571651352560256065e-02
3.965231417478953246e-01,7.776551088676803003e-02
3.800285960359285897e-01,7.975795515967661065e-02
3.635257436461591940e-01,8.168032546080158940e-02
3.470136252387663878e-01,8.352135082591224946e-02
3.304917388912979592e-01,8.527250236315209175e-02
3.139599373089276280e-01,8.692739456034032086e-02
2.974182495704509321e-01,8.848031386620350269e-02
2.808667112432225998e-01,8.992438943063703338e-02
2.643052494152658971e-01,9.124967669876922483e-02
2.477336036009241682e-01,9.244061120277233257e-02
2.311514316604764419e-01,9.347416893508304903e-02
2.145584781975211908e-01,9.431593667750816368e-02
1.979551535563534304e-01,9.491661643853144259e-02
1.813438414999999915e-01,9.522168509999999475e-02
1.812063527999999979e-01,9.522261410000000537e-02
1.784652799925284805e-01,9.523539100059058571e-02
1.757241779911422330e-01,9.523690127108047632e-02
1.729830948985344730e-01,9.522665644146161013e-02
1.702420852353719316e-01,9.520415242656740662e-02
1.675012108250802101e-01,9.516884460370045318e-02
1.647605416568538317e-01,9.512015814677253489e-02
1.620201564476263234e-01,9.505750542287419447e-02
1.592801433183400339e-01,9.498028486731836806e-02
1.565406006345106127e-01,9.488787698308226437e-02
1.538016389165558218e-01,9.477961709970626758e-02
1.510633816472046198e-01,9.465481059420684240e-02
1.483259656941426641e-01,9.451274949807210446e-02
1.455895422684064799e-01,9.435271177002751974e-02
1.428542782615678519e-01,9.417395594832517203e-02
1.401203593608960074e-01,9.397569448467094078e-02
1.373879904276739672e-01,9.375711417685307636e-02
1.346573958023956075e-01,9.351739070688329380e-02
1.319288205704279571e-01,9.325568784095920882e-02
1.292025382562287661e-01,9.297109711572708324e-02
1.264788467783550252e-01,9.266270180074000218e-02
1.237580565796070897e-01,9.232968481012673867e-02
1.210404973564969261e-01,9.197126100639253787e-02
1.183265426788502328e-01,9.158650009263159808e-02
1.156166155324150346e-01,9.117433456728039898e-02
1.129111650708857356e-01,9.073374554275914772e-02
1.102106453631015309e-01,9.026388443553219620e-02
1.075155523433415639e-01,8.976383987371566731e-02
1.048264174629240097e-01,8.923269096745115037e-02
1.021438005022726886e-01,8.866955094873087140e-02
9.946831316733782680e-02,8.807346069276850153e-02
9.680057523407932518e-02,8.744359979383754811e-02
9.414124645292142046e-02,8.677913376204113294e-02
9.149101932064437892e-02,8.607925165329079198e-02
8.885061864200494153e-02,8.534316930492251430e-02
8.622078755859412247e-02,8.457017777718812968e-02
8.360229238563225695e-02,8.375961940109996617e-02
8.099592764730401129e-02,8.291086789528583079e-02
7.840251473790196823e-02,8.202333187155133598e-02
7.582289454065775647e-02,8.109647418565180121e-02
7.325791471131155863e-02,8.012984133510279994e-02
7.070844458684698297e-02,7.912301575532940112e-02
6.817537750302021804e-02,7.807560851613352948e-02
6.565962944630041043e-02,7.698726220725818359e-02
6.316212834234366524e-02,7.585767386658599787e-02
6.068382012036981077e-02,7.468657808005474408e-02
5.822568311204356917e-02,7.347371605988443910e-02
5.578871904791841280e-02,7.221885655878866606e-02
5.337396153113030395e-02,7.092178034863148850e-02
5.098246885053949601e-02,6.958229629613257861e-02
4.861535769616379121e-02,6.820018446537885748e-02
4.627380055017725480e-02,6.677521017538014247e-02
4.395902082789424070e-02,6.530714020726749447e-02
4.167229309500133233e-02,6.379574889242781155e-02
3.941496543165876054e-02,6.224079211694421437e-02
3.718852342433707353e-02,6.064192882313519661e-02
3.499454968325838022e-02,5.899879923009745258e-02
3.283472860203853760e-02,5.731103280303248559e-02
3.071084338200266717e-02,5.557826609835664344e-02
2.862483984554046665e-02,5.380008128362773201e-02
2.657893981149176202e-02,5.197590318893526712e-02
2.457556160424424416e-02,5.010513153891561072e-02
2.261729072645365241e-02,4.818720016463699102e-02
2.070689319808964243e-02,4.622158601150355012e-02
1.884747878716361291e-02,4.420768424130537555e-02
1.704266677107863989e-02,4.214471663995449785e-02
1.529641270633649505e-02,4.003196161906837774e-02
1.361301615552459356e-02,3.786880129129528705e-02
1.199714814320723862e-02,3.565475620872676776e-02
1.045415468630526284e-02,3.338933738904154708e-02
8.989912154329371408e-03,3.107225694864035326e-02
7.610925923546581380e-03,2.870346634148271056e-02
6.324387167647425347e-03,2.628324321507974348e-02
5.138290777765201420e-03,2.381227112744903687e-02
4.061290442437842825e-03,2.129186272832582494e-02
3.101936498581245316e-03,1.872440003968612460e-02
2.270347530122640480e-03,1.611279462189601358e-02
1.576710781561625578e-03,1.346125000466638806e-02
1.013070834402676323e-03,1.077889120492735338e-02
5.528774728460548581e-04,8.076907526887361355e-03
2.209576862430686424e-04,5.356272593378890758e-03
3.584214873738074929e-05,2.621789516586544612e-03
8.289122146301385806e-06,-1.185141682387872786e-04
1.472970040670041486e-04,-2.855671841867180732e-03
4.531625387849624008e-04,-5.579215402397336154e-03
9.287358524222249058e-04,-8.278285559108519709e-03
1.575901708554690609e-03,-1.094140284531698766e-02
2.396597490286003513e-03,-1.355622918885274544e-02
3.392410944854260587e-03,-1.610946880440123144e-02
4.563550279149549381e-03,-1.858716314951464055e-02
5.908317778822358771e-03,-2.097504719202597859e-02
7.423523906470164135e-03,-2.325855671936187183e-02
9.102532715111336450e-03,-2.542447429435419973e-02
1.093582759238113586e-02,-2.746146308187648322e-02
1.291288321951911643e-02,-2.935924622775723872e-02
1.502183796932285605e-02,-3.110931420961831131e-02
1.724995747135429219e-02,-3.270493276660663140e-02
1.958474821577694050e-02,-3.413996873741260984e-02
2.201391598787087733e-02,-3.540873404022407134e-02
2.452518156601772928e-02,-3.650609075472899950e-02
2.710633166143776307e-02,-3.742712874379524463e-02
2.974509400481962357e-02,-3.816710251459285580e-02
3.242886661098350748e-02,-3.872206630221091544e-02
3.514474597112711429e-02,-3.908894467338173279e-02
3.787961725141602426e-02,-3.926514893686034596e-02
4.062011009497309977e-02,-3.924908830622435285e-02
4.335269835672554695e-02,-3.904049948914713186e-02
4.606376800644280955e-02,-3.863972246753877293e-02
4.873968045234008950e-02,-3.804811205355512760e-02
5.136714627761222729e-02,-3.726903714624987124e-02
5.393337044115702195e-02,-3.630723390224659120e-02
5.642629722139812232e-02,-3.516882833006237941e-02
5.883541328022872524e-02,-3.386233387235453030e-02
6.115147866604731669e-02,-3.239716341533561972e-02
6.336590368853702027e-02,-3.078245753484021990e-02
6.546937502584138091e-02,-2.902566452116270984e-02
6.745022608719010437e-02,-2.713174191532963242e-02
6.929170237375041619e-02,-2.510215821080044596e-02
7.096950286889135151e-02,-2.293550659259280602e-02
7.245148632082132334e-02,-2.063072235451418601e-02
7.370709706173267373e-02,-1.819533134538598232e-02
7.472231333463791314e-02,-1.565023009154866904e-02
7.551963939065348130e-02,-1.302829142978990072e-02
7.617131743184370196e-02,-1.036592457584025601e-02
7.680377552146164244e-02,-7.699456912402745726e-03
7.749354561543871089e-02,-5.046617440670153783e-03
7.824271118128078850e-02,-2.409936844361661862e-03
7.905157611769995929e-02,2.090446507123465544e-04
7.992031601215961178e-02,2.808777403346127913e-03
8.084916628907250213e-02,5.387643348883123032e-03
8.183815400165832254e-02,7.944048856305173031e-03
8.288731136368589214e-02,1.047635380585886650e-02
8.399656277069399157e-02,1.298291606385031452e-02
8.516581183836566260e-02,1.546205773536604884e-02
8.639483362732978955e-02,1.791211638502780354e-02
8.768324866183146993e-02,2.033146847355879125e-02
8.903061962959103737e-02,2.271848864203151672e-02
9.043641536917784718e-02,2.507157352697228503e-02
9.190005987247351626e-02,2.738911793605691355e-02
9.342074551599596766e-02,2.966964022495555478e-02
9.499760475035633200e-02,3.191168870113274963e-02
9.662963974276782275e-02,3.411389857361943334e-02
9.831586683625728740e-02,3.627489491222841977e-02
1.000551035304900055e-01,3.839346180898842165e-02
1.018460948886162759e-01,4.046846152343788749e-02
1.036874338465474804e-01,4.249891690091382040e-02
1.055777768503769476e-01,4.448383153796053174e-02
1.075156401215657392e-01,4.642238099358204223e-02
1.094995069144348160e-01,4.831382705810687017e-02
1.115277247070016048e-01,5.015763721886656867e-02
1.135986927327417156e-01,5.195329945283243267e-02
1.157107661004777022e-01,5.370043010176733800e-02
1.178623043557432276e-01,5.539872698086795166e-02
1.200515970256645776e-01,5.704807131786801544e-02
1.222769480255811309e-01,5.864843452769519933e-02
1.245367065701493692e-01,6.019983737413477087e-02
1.268292200251320001e-01,6.170241916256573311e-02
1.291528819706654063e-01,6.315637105629882952e-02
1.315060518928171385e-01,6.456206756043157691e-02
1.338871832477526169e-01,6.591986557573817351e-02
1.362947499941381257e-01,6.723022213881661713e-02
1.387272804032352314e-01,6.849363749827462600e-02
1.411833403427606992e-01,6.971068405389127531e-02
1.436615435819320052e-01,7.088198733483458414e-02
1.461605660447986010e-01,7.200819291525374644e-02
1.486791376133324849e-01,7.308997824620964978e-02
1.512160099110021749e-01,7.412812671363380734e-02
1.537700444873598415e-01,7.512330957532382947e-02
1.563400970576235005e-01,7.607636608054084426e-02
1.589251076911456784e-01,7.698807478449570807e-02
1.615240694825877121e-01,7.785922149600414677e-02
1.641360255195083717e-01,7.869060064098906682e-02
1.667600663230537350e-01,7.948301621920596249e-02
1.693953284950608651e-01,8.023727951056860985e-02
1.720409934574160804e-01,8.095420641289943764e-02
1.746962868148446146e-01,8.163461221482816443e-02
1.773604776181957055e-01,8.227930586342843688e-02
1.800328788011617276e-01,8.288907792548882991e-02
1.827128570345679937e-01,8.346463996058867130e-02
1.853997823684873092e-01,8.400684939760771908e-02
1.880930935601472509e-01,8.451639649505814089e-02
1.907922456529752842e-01,8.499404272195891508e-02
1.934967296590648367e-01,8.544051588789314255e-02
1.962060641512808901e-01,8.585654788348624777e-02
1.989197977773444204e-01,8.624285068425111001e-02
2.016375094751841623e-01,8.660009940901182424e-02
2.043588016436360677e-01,8.692896962768451030e-02
2.070833024178578841e-01,8.723010996869003109e-02
2.098106630510856996e-01,8.750414837410093460e-02
2.125405550343042460e-01,8.775170744738727824e-02
2.152726709534903415e-01,8.797338508342583685e-02
2.180067215630549227e-01,8.816977343754804630e-02
2.207424355537015437e-01,8.834144928702077071e-02
2.234795563453930156e-01,8.848901521117384650e-02
2.262178443311047560e-01,8.861305998310670118e-02
2.289570777674797275e-01,8.871410684347628972e-02
2.316970496046821815e-01,8.879263337770919307e-02
2.344375648415115976e-01,8.884911232341856369e-02
2.371784407083740998e-01,8.888396121192636279e-02
2.399195047000000081e-01,8.889755700000000205e-02
2.400485069999999943e-01,8.889768080000000350e-02
2.555641256953797291e-01,8.859458994709254465e-02
2.710570977831595618e-01,8.770169646894282467e-02
2.865169749067408289e-01,8.634449711041873587e-02
3.019595512703760476e-01,8.480067399303173326e-02
3.173911643644222735e-01,8.315080078568620747e-02
3.328136679911962714e-01,8.141776308140706575e-02
3.482289725088708598e-01,7.962174185367548729e-02
3.636385453731058037e-01,7.777715089353666456e-02
3.790438081995011199e-01,7.589689204735876327e-02
3.944457411406012137e-01,7.398953873023797478e-02
4.098450970586888786e-01,7.206148265884669557e-02
4.252425074762263280e-01,7.011794651361084874e-02
4.406385317817944625e-01,6.816345821516775483e-02
4.560337275072642860e-01,6.620245305883330766e-02
4.714285371357274101e-01,6.423841865886757707e-02
4.868233210897368601e-01,6.227418298004730457e-02
5.022184058487262348e-01,6.031230655461283785e-02
5.176140184971690372e-01,5.835457739556680623e-02
5.330103165080940508e-01,5.640224561934554376e-02
5.484074237142227970e-01,5.445630603538442055e-02
5.638053186819116380e-01,5.251660984742991672e-02
5.792039642427198043e-01,5.058288108501129976e-02
5.946032416132648324e-01,4.865418994981180606e-02
6.100029569637759330e-01,4.672899873936791487e-02
6.254029548228922097e-01,4.480606852242192961e-02
6.408030770254116160e-01,4.288413433566029553e-02
6.562031992031179817e-01,4.096219994778488999e-02
6.716032082246592427e-01,3.903935910974185713e-02
6.870030217934927075e-01,3.711495359721411758e-02
7.024025817161304586e-01,3.518851942552960604e-02
7.178018371466785563e-01,3.325965278007011333e-02
7.332007768704874584e-01,3.132826737278264495e-02
7.485994066789584123e-01,2.939441258253285699e-02
7.639977401878313978e-01,2.745819987786336791e-02
7.793958320939001760e-01,2.552006669228269742e-02
7.947937526286985577e-01,2.358057242867796915e-02
8.101915834620468937e-01,2.164036612108242996e-02
8.255894083834502961e-01,1.970011289491194195e-02
8.409872918379526219e-01,1.776032425248240745e-02
8.563852899275294916e-01,1.582144580638117706e-02
8.717834272912680094e-01,1.388367376310954866e-02
8.871817214583449518e-01,1.194714813321300258e-02
9.025801631505447897e-01,1.001179590522567608e-02
9.179787279710239778e-01,8.077423576022358526e-03
9.333773735211364775e-01,6.143693991806729177e-03
9.487760386964574355e-01,4.210120689642461549e-03
9.641746442657865845e-01,2.276072769263881839e-03
9.795730931113905138e-01,3.407774928982767256e-04
9.949712695000000329e-01,-1.596684300000000009e-03
9.949712695000000329e-01,-1.596684300000000009e-03
9.950629047314336617e-01,-1.608222895932414276e-03
9.951545399462905506e-01,-1.619761623509202329e-03
9.952461751500623066e-01,-1.631300439120307198e-03
9.953378103449184167e-01,-1.642839325533126385e-03
9.954294455088751326e-01,-1.654378457328921012e-03
9.955210806769470011e-01,-1.665917556445285080e-03
9.956127158154809420e-01,-1.677456890127618444e-03
9.957043509435151707e-01,-1.688996307190278757e-03
9.957959860614495895e-01,-1.700535804454383296e-03
9.958876211616429774e-01,-1.712075442600044907e-03
9.959792562443736674e-01,-1.723615219413981298e-03
9.960708913162271694e-01,-1.735155082600559366e-03
9.961625263686537668e-01,-1.746695100051466609e-03
9.962541614115447697e-01,-1.758235193219642245e-03
9.963457964470862072e-01,-1.769775344748086973e-03
9.964374314546708966e-01,-1.781315718266136133e-03
9.965290664499290019e-01,-1.792856189661137930e-03
9.966207014265209274e-01,-1.804396809270698409e-03
9.967123364037463462e-01,-1.815937423850318231e-03
9.968039713536283042e-01,-1.827478255541339826e-03
9.968956062921040528e-01,-1.839019177797021794e-03
9.969872412091801417e-01,-1.850560269965622132e-03
9.970788761172681980e-01,-1.862101433497535298e-03
9.971705110187533139e-01,-1.873642649455706244e-03
9.972621458914801007e-01,-1.885184093746294400e-03
9.973537807540048261e-01,-1.896725619037521694e-03
9.974454155952749979e-01,-1.908267313079783836e-03
9.975370504271222627e-01,-1.919809081935251087e-03
9.976286852519350434e-01,-1.931350906639611774e-03
9.977203200491536750e-01,-1.942892950422272450e-03
9.978119548490738122e-01,-1.954434972756801010e-03
9.979035926140661372e-01,-1.965951927016001358e-03
9.979952906423557035e-01,-1.976977191604486605e-03
9.980871377741116213e-01,-1.986672411831387226e-03
9.981791877335084440e-01,-1.994181389552243579e-03
9.982714327190794767e-01,-1.998655950014313534e-03
9.983637813615229284e-01,-1.999328112168364743e-03
9.984560521134711042e-01,-1.995539699010074382e-03
9.985479707038616981e-01,-1.986668891525215658e-03
9.986391667931835414e-01,-1.972161308047462158e-03
9.987292008098044294e-01,-1.951648743035944459e-03
9.988176138635934675e-01,-1.925005874685325287e-03
9.989039440518738822e-01,-1.892238145605857312e-03
9.989877540907396991e-01,-1.853476274855380595e-03
9.990687171289590607e-01,-1.809070864753136582e-03
9.991465760775087857e-01,-1.759420892033725786e-03
9.992211754038530236e-01,-1.704992780400537821e-03
9.992924570271825013e-01,-1.646283771667940172e-03
9.993604092481612744e-01,-1.583748967876386082e-03
9.994250548138196022e-01,-1.517799867977503254e-03
9.994863931127573320e-01,-1.448762593917771440e-03
9.995444438203336945e-01,-1.376938023364269580e-03
9.995992109716462792e-01,-1.302578847542275277e-03
9.996506819615808004e-01,-1.225900769580397925e-03
9.996988350486597508e-01,-1.147096476944439898e-03
9.997436372378317726e-01,-1.066339857832043162e-03
9.997850452360238505e-01,-9.837912940726129679e-04
9.998230097486405787e-01,-8.996033180611193386e-04
9.998574657479971650e-01,-8.139195554881134857e-04
9.998883483484829471e-01,-7.268841514832219235e-04
9.999155855436463458e-01,-6.386400367439446901e-04
9.999391173029997804e-01,-5.493363329093123000e-04
9.999588838458804974e-01,-4.591244213625075930e-04
9.999748236802826762e-01,-3.681583616336804609e-04
9.999868896684414032e-01,-2.765980194049141145e-04
9.999950561367347834e-01,-1.846077859921596391e-04
9.999993179317926417e-01,-9.235408088942154820e-05
1.000000000000000000e+00,0.000000000000000000e+00
