1.000000000000000000e+00,0.000000000000000000e+00
9.999818422348574209e-01,1.920892905999218897e-04
9.999636844697147309e-01,3.841785811998437794e-04
9.999455267045721518e-01,5.762678717997656149e-04
9.999273689394294617e-01,7.683571623996875589e-04
9.999092111742868827e-01,9.604464529996095028e-04
9.998806158340335370e-01,1.151102523111798221e-03
9.998424683594351325e-01,1.340229899646335583e-03
9.997980742161569623e-01,1.527988220284577344e-03
9.997480165183585399e-01,1.714311180675633138e-03
9.996920941906480840e-01,1.898958492646253939e-03
9.996296302158466096e-01,2.081495265524883377e-03
9.995599148197240602e-01,2.261385213538042588e-03
9.994833226347797916e-01,2.438451572999609900e-03
9.993987688140758552e-01,2.611849015182540843e-03
9.993052841290225308e-01,2.780596836429850924e-03
9.992031716381926110e-01,2.944261799657862597e-03
9.990899218825155526e-01,3.100419310266104133e-03
9.989667004494945379e-01,3.248804630557874679e-03
9.988315530939102516e-01,3.386422571925176098e-03
9.986852302212451127e-01,3.512020250853622409e-03
9.985283083370235513e-01,3.624129287961379807e-03
9.983610752273419653e-01,3.720219507597317780e-03
9.981856138874168893e-01,3.800234480779637013e-03
9.980039038349644009e-01,3.864835041741399024e-03
9.978177034186381800e-01,3.915203267776651459e-03
9.976284720301646924e-01,3.952739970992665865e-03
9.974375633576908484e-01,3.980543987687203307e-03
9.972458018467155183e-01,4.001797818841947886e-03
9.970536693999999533e-01,4.019482799999999842e-03
9.911395682000000429e-01,4.430569900000000394e-03
9.751243394254625052e-01,5.542871345555910705e-03
9.591090719602455295e-01,6.654615608321232806e-03
9.430938252988467774e-01,7.766659501349053828e-03
9.270786631196440419e-01,8.879919322162867570e-03
9.110636378451599793e-01,9.995146723065324521e-03
8.950488058417183090e-01,1.111314594787091159e-02
8.790342155873352992e-01,1.223460249048490857e-02
8.630199145294982221e-01,1.336018099863178418e-02
8.470059353789494150e-01,1.449033001653587081e-02
8.309923353648669408e-01,1.562583831570292861e-02
8.149791285070224767e-01,1.676687718205363553e-02
7.989663455402188363e-01,1.791384925035918035e-02
7.829540138864535814e-01,1.906710484806607708e-02
7.669421574788546359e-01,2.022694027648028539e-02
7.509307964935963975e-01,2.139359505544144793e-02
7.349199469959252218e-01,2.256724825919399768e-02
7.189096204453450101e-01,2.374801324143204981e-02
7.028998225201883443e-01,2.493592357748687302e-02
6.868905520698427303e-01,2.613092137654776659e-02
6.708818112217730389e-01,2.733299424690551274e-02
6.548736440814905135e-01,2.854268284598680122e-02
6.388659725327719974e-01,2.975891175211664574e-02
6.228588531698047159e-01,3.098238721106095009e-02
6.068521870290546349e-01,3.221177804869449629e-02
5.908460262155839082e-01,3.344773108121164296e-02
5.748402402292942526e-01,3.468852879647353615e-02
5.588347792113860235e-01,3.593351197879011277e-02
5.428295706635182238e-01,3.718173723638872746e-02
5.268244477204379050e-01,3.843105980046731401e-02
5.108192555703909843e-01,3.967949514486993762e-02
4.948137988402565024e-01,4.092453270843963986e-02
4.788078429977584149e-01,4.216313512485925924e-02
4.628011089100003694e-01,4.339163698421012738e-02
4.467932243384163948e-01,4.460505117818085868e-02
4.307837148090780111e-01,4.579681744710267788e-02
4.147722473863194592e-01,4.696194716737743524e-02
3.987584002954477902e-01,4.809385185088892872e-02
3.827417561610276242e-01,4.918541529042330662e-02
3.667219230139542874e-01,5.022910696280551840e-02
3.506985578005403226e-01,5.121713142929890800e-02
3.346708657364067530e-01,5.213219046192640177e-02
3.186391556222190613e-01,5.297366097674098551e-02
3.026034518502717097e-01,5.373504704941443194e-02
2.865639012289515897e-01,5.441057806587975415e-02
2.705207198146865610e-01,5.499375618927486442e-02
2.544740970450758422e-01,5.547299427058194343e-02
2.384250337269058218e-01,5.586154198573391877e-02
2.223740678488250744e-01,5.616150442254996822e-02
2.063217109999999910e-01,5.637550310000000175e-02
1.935462819999999862e-01,5.647863200000000083e-02
1.909598105048443684e-01,5.648774664623788799e-02
1.883733390096887506e-01,5.649686129247578209e-02
1.857868675145331328e-01,5.650597593871366925e-02
1.832003960193775149e-01,5.651509058495156335e-02
1.806139235099785134e-01,5.652315527078979884e-02
1.780274392326450794e-01,5.651903760936975718e-02
1.754409549553116454e-01,5.651491994794972246e-02
1.728544706779782392e-01,5.651080228652968079e-02
1.702679864006448052e-01,5.650668462510964607e-02
1.676815154327489787e-01,5.649973041092865716e-02
1.650951064005419799e-01,5.647957625139234106e-02
1.625086973683349811e-01,5.645942209185601801e-02
1.599222883361279823e-01,5.643926793231969496e-02
1.573358793039209835e-01,5.641911377278337886e-02
1.547495406108423677e-01,5.639297512528600176e-02
1.521633723853628994e-01,5.635233300982724070e-02
1.495772041598834312e-01,5.631169089436848657e-02
1.469910359344039630e-01,5.627104877890972551e-02
1.444048677089244948e-01,5.623040666345096444e-02
1.418189383340401621e-01,5.617834528877298922e-02
1.392333325738946415e-01,5.611081214779083115e-02
1.366477268137491208e-01,5.604327900680867308e-02
1.340621210536036001e-01,5.597574586582652195e-02
1.314765152934581072e-01,5.590821272484436388e-02
1.288915846050977809e-01,5.582022975922781849e-02
1.263071541219285554e-01,5.571709417034462902e-02
1.237227236387593299e-01,5.561395858146144650e-02
1.211382931555901044e-01,5.551082299257825703e-02
1.185538626724208927e-01,5.540768740369507450e-02
1.159711452778183910e-01,5.526962127565267224e-02
1.133890252216529088e-01,5.511937518559860416e-02
1.108069051654874126e-01,5.496912909554453608e-02
1.082247851093219304e-01,5.481888300549046800e-02
1.056426650531564482e-01,5.466863691543639991e-02
1.030645899563397833e-01,5.446083422007040598e-02
1.004868364843390927e-01,5.424845505532734091e-02
9.790908301233838817e-02,5.403607589058428279e-02
9.533132954033769757e-02,5.382369672584121773e-02
9.275462202831682990e-02,5.360068646326061892e-02
9.018490527745193219e-02,5.330662236760635997e-02
8.761518852658704837e-02,5.301255827195210102e-02
8.504547177572215066e-02,5.271849417629784207e-02
8.247575502485725296e-02,5.242443008064358312e-02
7.991119823050028825e-02,5.209233417712767072e-02
7.735602447271365534e-02,5.169107996899125618e-02
7.480085071492705018e-02,5.128982576085484857e-02
7.224567695714041726e-02,5.088857155271844096e-02
6.969050319935381210e-02,5.048731734458202641e-02
6.715105990036626671e-02,5.000125513540307209e-02
6.462195395342812398e-02,4.945946091137456285e-02
6.209284800648998126e-02,4.891766668734605361e-02
5.956374205955183854e-02,4.837587246331754437e-02
5.703463611261366806e-02,4.783407823928902819e-02
5.454643107969097543e-02,4.713051000959596337e-02
5.206372773801189874e-02,4.640518112609271634e-02
4.958102439633279429e-02,4.567985224258946236e-02
4.709832105465371066e-02,4.495452335908621533e-02
4.463171167052323862e-02,4.418260357871488242e-02
4.223065027415525557e-02,4.322092689557229667e-02
3.982958887778730028e-02,4.225925021242971785e-02
3.742852748141935193e-02,4.129757352928713904e-02
3.502746608505139664e-02,4.033589684614456716e-02
3.270505144317819440e-02,3.920882492064088620e-02
3.044364145504588684e-02,3.795345934137563104e-02
2.818223146691357928e-02,3.669809376211038282e-02
2.592082147878124743e-02,3.544272818284512072e-02
2.365988951160289191e-02,3.418663959942405683e-02
2.161910963545621983e-02,3.259757214675147730e-02
1.957832975930954428e-02,3.100850469407890123e-02
1.753754988316285138e-02,2.941943724140630434e-02
1.549677000701617756e-02,2.783036978873372480e-02
1.361967845000067526e-02,2.606469624351554285e-02
1.188046868606172125e-02,2.415025970263776078e-02
1.014125892212278633e-02,2.223582316175999954e-02
8.402049158183851410e-03,2.032138662088223829e-02
6.720260023825831534e-03,1.835955548370542256e-02
5.206802758477301757e-03,1.626233478074931918e-02
3.823522931454787638e-03,1.407770299059242156e-02
2.598999388403298080e-03,1.180059352886825459e-02
1.709884109440034782e-03,9.386643344553930596e-03
1.246353760823609366e-03,6.842029918522368748e-03
7.828234122071839503e-04,4.297416492490807767e-03
3.192930635907535470e-04,1.752803066459219031e-03
1.073241729063163037e-04,-7.976525320135547780e-04
4.522281363536319928e-04,-3.361040744521929819e-03
7.971320998009513411e-04,-5.924428957030332399e-03
1.142036063248267003e-03,-8.487817169538707657e-03
1.584334511733258809e-03,-1.103128986015303355e-02
2.325076763492198422e-03,-1.350902282402492369e-02
3.193516401589018960e-03,-1.594487446386093007e-02
4.179369648644190929e-03,-1.833569937453291207e-02
5.274468740384721452e-03,-2.067848941859763007e-02
6.489920414502614240e-03,-2.296121357547128983e-02
7.804448746949071460e-03,-2.518833679174247928e-02
9.227438721759694679e-03,-2.734771728125054424e-02
1.074982540516670679e-02,-2.943825774477373119e-02
1.235996770430763947e-02,-3.146205123657553476e-02
1.406592299291662372e-02,-3.340575120191700137e-02
1.585288724410229000e-02,-3.527522639830964202e-02
1.771278336398407829e-02,-3.707221754376020806e-02
1.964668053030280137e-02,-3.878934888194551789e-02
2.164895827639647802e-02,-4.042625395066367505e-02
2.370933223735556886e-02,-4.198935404712710734e-02
2.582371755008888714e-02,-4.347868587811373753e-02
2.799123952981667773e-02,-4.488963868449152850e-02
3.020823275297481250e-02,-4.622151155344922380e-02
3.246703726410266055e-02,-4.748107416792655272e-02
3.476439438096341067e-02,-4.866887371349954555e-02
3.709722710774950721e-02,-4.978549545493288903e-02
3.946262316932085124e-02,-5.083156176732298720e-02
4.186070063650768058e-02,-5.180039501189694084e-02
4.428558422774284131e-02,-5.269988475216216828e-02
4.673464831411925507e-02,-5.353118142387407186e-02
4.920559582052488889e-02,-5.429494338303623990e-02
5.169624109858483862e-02,-5.499182015148954689e-02
5.420450944585795267e-02,-5.562241730784276555e-02
5.672842015528547360e-02,-5.618731419663659798e-02
5.926607775488804131e-02,-5.668705963356245742e-02
6.181585253796714058e-02,-5.712096607903509315e-02
6.437620947189873211e-02,-5.748726336694436057e-02
6.694482207655291783e-02,-5.778998809541070758e-02
6.952006653580188045e-02,-5.802954459554464373e-02
7.210036676903840147e-02,-5.820623975314255516e-02
7.468417969314297689e-02,-5.832032803225951217e-02
7.726998739478249667e-02,-5.837200920461394632e-02
7.985628925486942808e-02,-5.836142650149862138e-02
8.244159403419316912e-02,-5.828866539126410784e-02
8.502440916495744572e-02,-5.815370719120279558e-02
8.760323824464898157e-02,-5.795653999210513552e-02
9.017657069106790879e-02,-5.769709430465853883e-02
9.274287176275219924e-02,-5.737521677248724056e-02
9.530049139174029404e-02,-5.699018389329569417e-02
9.784712160763556210e-02,-5.653817654389371034e-02
1.003816202518812845e-01,-5.602268736243499331e-02
1.029022315911457958e-01,-5.544325765587303917e-02
1.054071094100784561e-01,-5.479931897870295165e-02
1.078943177881193649e-01,-5.409026080498523237e-02
1.103617869230525961e-01,-5.331532396952869124e-02
1.128072847043912336e-01,-5.247359010174849903e-02
1.152283836302020609e-01,-5.156397058901960456e-02
1.176224174743990547e-01,-5.058518277250171474e-02
1.199825290175199621e-01,-4.952725329787496106e-02
1.223082505170902667e-01,-4.839593212566671576e-02
1.245956632131856451e-01,-4.718916705536644468e-02
1.268402513598497483e-01,-4.590454075849850768e-02
1.290368293953109147e-01,-4.453935028964146198e-02
1.311731004087704211e-01,-4.308166149875471140e-02
1.332442743897002402e-01,-4.153300348992722962e-02
1.352471919149711155e-01,-3.989711667891942398e-02
1.371767574031611814e-01,-3.817515266133328367e-02
1.390151612939028170e-01,-3.635613821263310175e-02
1.407786033218049460e-01,-3.446441145304406095e-02
1.424740032031852066e-01,-3.251130713957722795e-02
1.441093812251409978e-01,-3.050750209502233953e-02
1.457222881493044908e-01,-2.848551561697007170e-02
1.473916948846067942e-01,-2.651025385975303711e-02
1.490744591900776128e-01,-2.454601808870569488e-02
1.507572234955484036e-01,-2.258178231765839428e-02
1.524944830866755696e-01,-2.066755788088564874e-02
1.543073644392245480e-01,-1.882273293699287392e-02
1.561202457917734709e-01,-1.697790799310014073e-02
1.579331271443224216e-01,-1.513308304920736938e-02
1.598613747210800851e-01,-1.340948843923625740e-02
1.617937448073870355e-01,-1.169022588756639218e-02
1.637261148936940691e-01,-9.970963335896490531e-03
1.657074145822499123e-01,-8.310385333061991175e-03
1.677461267934078348e-01,-6.718666013551162670e-03
1.697848390045657574e-01,-5.126946694040300338e-03
1.718235512157237077e-01,-3.535227374529438006e-03
1.739469286340417642e-01,-2.059060427844823515e-03
1.760790420013652879e-01,-5.948164383030966895e-04
1.782111553686887839e-01,8.694275512386301363e-04
1.803680573305597445e-01,2.295259104076186486e-03
1.825806589673051317e-01,3.634778371985526984e-03
1.847932606040504633e-01,4.974297639894838426e-03
1.870058622407958504e-01,6.313816907804178924e-03
1.892642954940522149e-01,7.572833675350403373e-03
1.915455553449593729e-01,8.791755889713322170e-03
1.938268151958665864e-01,1.001067810407626872e-02
1.961080750467737999e-01,1.122960031843921527e-02
1.984467700138907165e-01,1.233423139798573917e-02
2.007862158661222196e-01,1.343736827820757318e-02
2.031256617183536950e-01,1.454050515842940372e-02
2.054781840994015785e-01,1.561414740703209562e-02
2.078664921449245029e-01,1.660707366397121132e-02
2.102548001904474273e-01,1.759999992091032528e-02
2.126431082359702962e-01,1.859292617784942189e-02
2.150523591757558250e-01,1.953219923037171485e-02
2.174817742201281545e-01,2.041981424500697445e-02
2.199111892645004562e-01,2.130742925964221324e-02
2.223406043088728135e-01,2.219504427427747284e-02
2.247943141330117633e-01,2.301171704954537225e-02
2.272578383649975220e-01,2.379973115503311587e-02
2.297213625969832806e-01,2.458774526052086296e-02
2.321848868289690115e-01,2.537575936600860657e-02
2.346733093219631194e-01,2.608045780471214201e-02
2.371652599813086626e-01,2.677335013647473907e-02
2.396572106406543445e-01,2.746624246823737084e-02
2.421491612999999987e-01,2.815913479999999913e-02
2.519949848999999964e-01,3.052148019999999934e-02
2.667229122177438572e-01,3.338517115724864981e-02
2.815522227597910265e-01,3.566723346644903869e-02
2.964631424788399805e-01,3.733662584597943757e-02
3.114199332981038570e-01,3.853124611427036217e-02
3.264049163061001901e-01,3.929739613426116995e-02
3.414049165714775347e-01,3.967960539097770134e-02
3.564096143792693794e-01,3.977320154008373576e-02
3.714134936061991854e-01,3.958273855063707686e-02
3.864133705910509087e-01,3.918470533540160256e-02
4.014081020174922187e-01,3.862347890917413457e-02
4.163959459857582979e-01,3.790068789093815199e-02
4.313776062478482665e-01,3.705949096321387026e-02
4.463530185035176068e-01,3.611316291084055996e-02
4.613214438303729903e-01,3.506175530861634082e-02
4.762862367414702480e-01,3.395965991301400089e-02
4.912494773165069217e-01,3.283664970938606625e-02
5.062113452751267895e-01,3.169549646218389888e-02
5.211721115392995429e-01,3.053997905478657640e-02
5.361322213422315963e-01,2.937599237284984136e-02
5.510918541166914819e-01,2.820588876204578599e-02
5.660511960730373326e-01,2.703207150753039745e-02
5.810104148734672735e-01,2.585668535666710982e-02
5.959696603887780775e-01,2.468163932280345932e-02
6.109290344812815521e-01,2.350823154420155284e-02
6.258886430641966703e-01,2.233781728720764248e-02
6.408485049645398224e-01,2.117064546682828619e-02
6.558087173672276782e-01,2.000797493898372886e-02
6.707692517930176068e-01,1.884945581105636897e-02
6.857301539409178526e-01,1.769569474097798176e-02
7.006914246435349547e-01,1.654672311800439721e-02
7.156530468902385644e-01,1.540233834608669902e-02
7.306150179809796086e-01,1.426252313639636039e-02
7.455773304372323995e-01,1.312719748828983929e-02
7.605399690264312840e-01,1.199617807271238963e-02
7.755029057172930784e-01,1.086910929064793634e-02
7.904661187342449935e-01,9.745714931790177074e-03
8.054295860053714007e-01,8.625712192813992860e-03
8.203932823929516172e-01,7.508774666586720895e-03
8.353571748738363167e-01,6.394467296190944200e-03
8.503212323244829784e-01,5.282377423538118198e-03
8.652854223739951944e-01,4.172073119768239698e-03
8.802497156080469898e-01,3.063160305913688580e-03
8.952140689222390924e-01,1.955058516257497225e-03
9.101784454443262451e-01,8.472701665628819875e-04
9.251428039165902062e-01,-2.607619671387065557e-04
9.401071011260310195e-01,-1.369621118507885699e-03
9.550712928687592473e-01,-2.479902582960669729e-03
9.700353303402305949e-01,-3.592261198575202961e-03
9.849991711000000150e-01,-4.707262799999999657e-03
9.907190997000000499e-01,-5.134350600000000403e-03
9.909074541555190629e-01,-5.148418294233010443e-03
9.910958086110380760e-01,-5.162485988466021351e-03
9.912841630665570891e-01,-5.176553682699031392e-03
9.914725175220759912e-01,-5.190621376932042300e-03
9.916608719775950043e-01,-5.204689071165052340e-03
9.918492264331140174e-01,-5.218756765398063248e-03
9.920375808886330304e-01,-5.232824459631073288e-03
9.922259353441520435e-01,-5.246892153864084196e-03
9.924142897996710566e-01,-5.260959848097094237e-03
9.926026442551900697e-01,-5.275027542330105144e-03
9.927909987107090828e-01,-5.289095236563115185e-03
9.929793531662279849e-01,-5.303162930796126093e-03
9.931677076217469979e-01,-5.317230625029136133e-03
9.933560620772660110e-01,-5.331298319262147041e-03
9.935444165327850241e-01,-5.345366013495157081e-03
9.937327709883040372e-01,-5.359433707728167989e-03
9.939211254438230503e-01,-5.373501401961178030e-03
9.941094798993420634e-01,-5.387569096194188070e-03
9.942978343548610765e-01,-5.401636790427198978e-03
9.944861888103799785e-01,-5.415704484660209019e-03
9.946745432658989916e-01,-5.429772178893219926e-03
9.948628977214180047e-01,-5.443839873126229967e-03
9.950512521769370178e-01,-5.457907567359240875e-03
9.952396066324560309e-01,-5.471975261592250915e-03
9.954279610879750440e-01,-5.486042955825261823e-03
9.956163155434940570e-01,-5.500110650058271863e-03
9.958045365049804643e-01,-5.514948397250079605e-03
9.959930370473025762e-01,-5.526026777151692680e-03
9.961818559651148819e-01,-5.523450481660862298e-03
9.963700017179971669e-01,-5.507537023212751882e-03
9.965567165723259180e-01,-5.479365536434707348e-03
9.967410181857231377e-01,-5.438207461379246897e-03
9.969223184646733849e-01,-5.385437035321630032e-03
9.971001438754840684e-01,-5.321872078906488175e-03
9.972735612556532514e-01,-5.247125808428949705e-03
9.974428221785393012e-01,-5.163374338864675991e-03
9.976067390706884197e-01,-5.069585220639417911e-03
9.977660281444544754e-01,-4.968137189165043946e-03
9.979194875276287124e-01,-4.858061626658560436e-03
9.980680488984684517e-01,-4.741457986719281072e-03
9.982105278394228787e-01,-4.617495763032978054e-03
9.983478088959777397e-01,-4.487799881731434175e-03
9.984793549463020224e-01,-4.352293401816141258e-03
9.986051570448207793e-01,-4.211432345998835682e-03
9.987257405812669520e-01,-4.066075195536367204e-03
9.988402086896644994e-01,-3.915855233060068843e-03
9.989492447888939086e-01,-3.761648018514302753e-03
9.990530364488817705e-01,-3.603859335945328903e-03
9.991508113038001238e-01,-3.442273381416166480e-03
9.992431296602045654e-01,-3.277510350481442451e-03
9.993302221139450658e-01,-3.109925164502222103e-03
9.994118095620040387e-01,-2.939589921669029122e-03
9.994875721721308004e-01,-2.766584250337787709e-03
9.995581571455331993e-01,-2.591405202977025563e-03
9.996235796623784697e-01,-2.414231281101507712e-03
9.996835685215520462e-01,-2.235142604643965396e-03
9.997379120620484283e-01,-2.054260686467284085e-03
9.997871677971931215e-01,-1.871930477136009904e-03
9.998313554074207410e-01,-1.688305439668755367e-03
9.998704999759373546e-01,-1.503535607240690094e-03
9.999040277991937398e-01,-1.317664097240382704e-03
9.999324559166604676e-01,-1.130947188542665406e-03
9.999505521379441486e-01,-9.430999057949305750e-04
9.999604417103553633e-01,-7.544799246359437227e-04
9.999703312827664670e-01,-5.658599434769569789e-04
9.999802208551776816e-01,-3.772399623179718614e-04
9.999901104275887853e-01,-1.886199811589851175e-04
1.000000000000000000e+00,0.000000000000000000e+00
