# 11
# x y z
0.007943829128634297 0.023741602663348304 0.0
0.008310281404528231 0.02422755902866307 0.0
0.008697986071590983 0.024739664890937724 0.0
0.009107861550944282 0.025277085657478177 0.0
0.009540826263709844 0.025838986735590316 0.0
0.009997798631009394 0.026424533532580053 0.0
0.010479697073964653 0.02703289145575329 0.0
0.010987440013697338 0.027663225912415917 0.0
0.011521945871329178 0.02831470230987385 0.0
0.012084133067981888 0.02898648605543298 0.0
0.01267492002477719 0.029677742556399198 0.0
0.01329522516283681 0.030387637220078437 0.0
0.013945966903282463 0.03111533545377657 0.0
0.014628063667235873 0.031860002664799505 0.0
0.01534243387581876 0.03262080426045314 0.0
0.016089995950152848 0.0333969056480434 0.0
0.016871668311359864 0.03418747223487617 0.0
0.017688369380561522 0.034991669428257335 0.0
0.01854101757887954 0.035808662635492816 0.0
0.019430531327435645 0.03663761726388851 0.0
0.020357829047351554 0.03747769872075031 0.0
0.02132382915974899 0.03832807241338412 0.0
0.022329450085749682 0.039187903749095865 0.0
0.02337561024647534 0.0400563581351914 0.0
0.02446322806304769 0.04093260097897666 0.0
0.02559322195658846 0.04181579768775756 0.0
0.026766510348219356 0.04270511366883996 0.0
0.027984011659062114 0.043599714329529776 0.0
0.02924664431023845 0.044498765077132935 0.0
0.03055532672287009 0.04540143131895531 0.0
0.03191097731807873 0.04630687846230279 0.0
0.03331451451698614 0.047214271914481326 0.0
0.034766856740714 0.048122777082796775 0.0
0.03626892241038404 0.04903155937455505 0.0
0.03782162994711799 0.04993978419706205 0.0
0.03942589777203757 0.0508466169576237 0.0
0.04108264430626449 0.05175122306354586 0.0
0.04279278797092048 0.052652767922134455 0.0
0.04455724718712728 0.0535504169406954 0.0
0.046376940376006565 0.05444333552653456 0.0
0.04825278595868011 0.055330689086957874 0.0
0.050185702356269596 0.056211643029271216 0.0
0.05217660798989675 0.05708536276078051 0.0
0.05422642128068332 0.05795101368879163 0.0
0.056336060649750996 0.05880776122061049 0.0
0.058506444518221526 0.059654770763542996 0.0
0.06073849130721661 0.06049120772489505 0.0
0.06303311943785797 0.06131623751197256 0.0
0.06539124733126736 0.0621290255320814 0.0
0.06781379340856646 0.06292873719252748 0.0
0.07030167609087701 0.06371453790061672 0.0
0.07285581379932071 0.064485593063655 0.0
0.0754771249550193 0.06524106808894824 0.0
0.07816652797909454 0.06598012838380234 0.0
0.08092494129266808 0.06670193935552318 0.0
0.08375328331686167 0.06740566641141667 0.0
0.08665247247279707 0.06809047495878873 0.0
0.08962342718159594 0.06875553040494524 0.0
0.09266706586438005 0.0693999981571921 0.0
0.09578430694227108 0.07002304362283523 0.0
0.09897606883639076 0.0706238322091805 0.0
0.10224326996786086 0.07120152932353387 0.0
0.10558682875780304 0.07175530037320119 0.0
0.10900766362733905 0.07228431076548834 0.0
0.11250669299759058 0.0727877259077013 0.0
0.11608483528967939 0.0732647112071459 0.0
0.11974300892472722 0.07371443207112807 0.0
0.12348213232385574 0.07413605390695371 0.0
0.1273031239081867 0.07452874212192873 0.0
0.13120690209884178 0.074891662123359 0.0
0.13519438531694278 0.07522397931855046 0.0
0.13926649198361138 0.075524859114809 0.0
0.14342414051996924 0.0757934669194405 0.0
0.1476682493471382 0.07602896813975088 0.0
0.15199973688623988 0.07623052818304603 0.0
0.15641952155839603 0.07639731245663187 0.0
0.16092852178472844 0.07652848636781427 0.0
0.1655276559863587 0.07662321532389917 0.0
0.17021784258440867 0.07668066473219244 0.0
0.175 0.0767 0.0
0.17696334221963322 0.07670166979441286 0.0
0.17885747625993445 0.07670629160514196 0.0
0.1806885631930062 0.07671328407342319 0.0
0.18246276409095086 0.07672206584049239 0.0
0.18418624002587086 0.07673205554758544 0.0
0.1858651520698687 0.07674267183593819 0.0
0.18750566129504678 0.07675333334678645 0.0
0.18911392877350755 0.07676345872136615 0.0
0.19069611557735336 0.07677246660091307 0.0
0.19225838277868684 0.07677977562666316 0.0
0.19380689144961027 0.07678480443985218 0.0
0.19534780266222618 0.07678697168171607 0.0
0.19688727748863696 0.07678569599349065 0.0
0.19843147700094504 0.07678039601641176 0.0
0.19998656227125294 0.0767704903917153 0.0
0.20155869437166296 0.07675539776063704 0.0
0.20315403437427773 0.07673453676441296 0.0
0.20477874335119947 0.07670732604427881 0.0
0.20643898237453084 0.07667318424147053 0.0
0.20814091251637418 0.07663152999722395 0.0
0.2098906948488318 0.07658178195277486 0.0
0.2116944904440064 0.07652335874935923 0.0
0.21355846037400017 0.0764556790282128 0.0
0.2154887657109158 0.07637816143057154 0.0
0.21749156752685544 0.07629022459767122 0.0
0.21957302689392183 0.07619128717074777 0.0
0.22173930488421728 0.076080767791037 0.0
0.2239965625698441 0.07595808509977475 0.0
0.2263509610229049 0.07582265773819691 0.0
0.2288086613155021 0.07567390434753934 0.0
0.231375824519738 0.07551124356903788 0.0
0.2340586117077152 0.07533409404392838 0.0
0.2368631839515361 0.07514187441344673 0.0
0.2397957023233032 0.07493400331882878 0.0
0.24286232789511875 0.07470989940131034 0.0
0.24606922173908535 0.07446898130212731 0.0
0.24942254492730545 0.07421066766251558 0.0
0.2529284585318814 0.07393437712371091 0.0
0.2565931236249156 0.07363952832694921 0.0
0.2604227012785107 0.07332553991346638 0.0
0.264423352564769 0.07299183052449823 0.0
0.2686012385557928 0.07263781880128059 0.0
0.27296252032368484 0.07226292338504939 0.0
0.2775133589405474 0.07186656291704044 0.0
0.28225991547848284 0.07144815603848959 0.0
0.28720835100959374 0.0710071213906327 0.0
0.2923648266059825 0.07054287761470567 0.0
0.2977355033397515 0.07005484335194431 0.0
0.30332654228300326 0.06954243724358447 0.0
0.30914410450784024 0.06900507793086208 0.0
0.31519435108636484 0.0684421840550129 0.0
0.3214834430906794 0.06785317425727286 0.0
0.32801754159288643 0.0672374671788778 0.0
0.3348028076650885 0.06659448146106352 0.0
0.34184540237938793 0.06592363574506596 0.0
0.34915148680788716 0.06522434867212094 0.0
0.3567272220226886 0.06449603888346432 0.0
0.3645787690958947 0.06373812502033195 0.0
0.3727122890996081 0.06295002572395969 0.0
0.38113394310593085 0.062131159635583404 0.0
0.38984989218696575 0.06128094539643894 0.0
0.39886629741481505 0.06039880164776216 0.0
0.4081893198615813 0.05948414703078892 0.0
0.4178251205993668 0.05853640018675508 0.0
0.4277798607002741 0.057554979756896496 0.0
0.43805970123640564 0.056539304382449015 0.0
0.44867080327986375 0.055488792704648515 0.0
0.45961932790275106 0.054402863364730825 0.0
0.4709114361771699 0.053280935003931836 0.0
0.4825532891752227 0.05212242626348737 0.0
0.4945510479690119 0.050926755784633314 0.0
0.5069108736306398 0.04969334220860551 0.0
0.5196389272322093 0.0484216041766398 0.0
0.5327413698458223 0.04711096032997208 0.0
0.5462243625435816 0.04576082930983817 0.0
0.5600940663975894 0.044370629757473946 0.0
0.5743566424799483 0.042939780314115265 0.0
0.5890182518627608 0.041467699620997965 0.0
0.6040850556181291 0.03995380631935793 0.0
0.6195632148181559 0.038397519050431 0.0
0.6354588905349434 0.03679825645545304 0.0
0.6517782438405942 0.035155437175659894 0.0
0.6685274358072107 0.033468479852287444 0.0
0.6857126275068952 0.03173680312657153 0.0
0.7033399800117506 0.029959825639747993 0.0
0.7214156543938787 0.028136966033052727 0.0
0.7399458117253824 0.026267642947721548 0.0
0.7589366130783639 0.024351275024990352 0.0
0.7783942195249259 0.022387280906094965 0.0
0.7983247921371706 0.020375079232271276 0.0
0.8187344919872004 0.018314088644755123 0.0
0.839629480147118 0.016203727784782344 0.0
0.8610159176890255 0.014043415293588834 0.0
0.8828999656850258 0.011832569812410411 0.0
0.9052877852072209 0.009570609982482976 0.0
0.9281855373277135 0.0072569544450423636 0.0
0.951599383118606 0.004891021841324404 0.0
0.9755354836520006 0.0024722308125650055 0.0
1.0 0.0 0.0
1.0000267454446294 -4.175709194871482e-06 0.0
1.000052882632737 -1.1218631424175573e-05 0.0
1.00007810512969 -2.104619486417887e-05 0.0
1.0001021172247724 -3.3543180318974244e-05 0.0
1.000124637398124 -4.8563072060207033e-05 0.0
1.0001454016213027 -6.592977559002921e-05 0.0
1.0001641664527765 -8.54396821880821e-05 0.0
1.0001807118920534 -0.00010686405603758123 0.0
1.0001948439589852 -0.0001299517159436331 0.0
1.0002063969680084 -0.0001544319802030879 0.0
1.0002152354706553 -0.00018001784010002268 0.0
1.0002212558435635 -0.00020640932482052064 0.0
1.000224387503365 -0.0002332970183361985 0.0
1.0002245937342118 -0.00026036568702423755 0.0
1.000221872118236 -0.00028729797549339043 0.0
1.0002162545638966 -0.00031377812728578246 0.0
1.0002078069318818 -0.0003394956868326815 0.0
1.0001966282629535 -0.00036414913926218905 0.0
1.000182849616784 -0.00038744944538543556 0.0
1.0001666325354013 -0.0004091234304167993 0.0
1.0001481671492578 -0.00042891698669850073 0.0
1.0001276699481227 -0.0004465980528805583 0.0
1.0001053812429388 -0.00046195933462794 0.0
1.0000815623483952 -0.0004748207349571119 0.0
1.0000564925192528 -0.00048503146570850477 0.0
1.0000304656763368 -0.0004924718153998188 0.0
1.0000037869605838 -0.0004970545527336998 0.0
0.9999767691555432 -0.0004987259493049448 0.0
0.9999497290202768 -0.0004974664095169284 0.0
0.9754852279561632 0.0019747636327605753 0.0
0.9515491728599474 0.004393552371546621 0.0
0.9281354020378095 0.006759481196939109 0.0
0.9052377537959299 0.009073131499035854 0.0
0.8828500664404889 0.011335084667934757 0.0
0.8609661782776663 0.013545922093733715 0.0
0.8395799276136426 0.01570622516653055 0.0
0.8186851527545977 0.017816575276423184 0.0
0.7982756920067121 0.01987755381350944 0.0
0.7783453836761659 0.02188974216788721 0.0
0.7588880660691388 0.02385372172965439 0.0
0.7398975774918115 0.02577007388890882 0.0
0.721367756250364 0.027639380035748392 0.0
0.7032924406509766 0.02946222156027095 0.0
0.6856654689998293 0.031239179852574406 0.0
0.6684806796031024 0.032970836302756594 0.0
0.651731910766976 0.03465777230091539 0.0
0.6354130007976303 0.03630056923714871 0.0
0.6195177880012456 0.037899808501554375 0.0
0.6040401106840017 0.03945607148423028 0.0
0.5889738071520791 0.04096993957527428 0.0
0.574312715711658 0.042441994164784294 0.0
0.5600506746689184 0.04387281664285813 0.0
0.5461815223300407 0.04526298839959368 0.0
0.5326990970012047 0.046613090825088854 0.0
0.5195972369885908 0.04792370530944147 0.0
0.5068697805983793 0.049195413242749446 0.0
0.49451056613675026 0.050428796015110626 0.0
0.4825134319098838 0.05162443501662287 0.0
0.4708722162239601 0.0527829116373841 0.0
0.4595807573851594 0.05390480726749213 0.0
0.44863289369966186 0.054990703297044884 0.0
0.4380224634736477 0.056041181116140176 0.0
0.42774330501329694 0.05705682211487594 0.0
0.41778925662478994 0.05803820768335 0.0
0.4081541566143069 0.05898591921166026 0.0
0.3988318432880276 0.05990053808990456 0.0
0.38981615495213273 0.0607826457081808 0.0
0.3811009299128021 0.06163282345658684 0.0
0.37268000647621613 0.06245165272522056 0.0
0.3645472229485548 0.06323971490417982 0.0
0.3566964176359984 0.0639975913835625 0.0
0.3491214288447271 0.06472586355346645 0.0
0.341816094880921 0.06542511280398958 0.0
0.3347742540507604 0.06609592052522972 0.0
0.3279897446604253 0.06673886810728479 0.0
0.32145640501609607 0.06735453694025263 0.0
0.3151680734239528 0.06794350841423111 0.0
0.3091185881901756 0.06850636391931811 0.0
0.30330178762094473 0.06904368484561152 0.0
0.29771151002244034 0.0695560525832092 0.0
0.29234159370084256 0.07004404852220897 0.0
0.282721779985262 0.07081315497721072 0.0
0.2733898770637315 0.07137494630514918 0.0
0.2643412739067212 0.07173583601011652 0.0
0.25557135948470094 0.07190223759620493 0.0
0.24707552276814074 0.0718805645675066 0.0
0.23884915272751064 0.07167723042811372 0.0
0.23088763833328055 0.07129864868211848 0.0
0.22318636855592044 0.07075123283361304 0.0
0.2157407323659003 0.0700413963866896 0.0
0.20854611873369014 0.06917555284544036 0.0
0.20159791662975993 0.06816011571395747 0.0
0.19489151502457963 0.06700149849633313 0.0
0.1884223028886192 0.06570611469665955 0.0
0.18218566919234863 0.06428037781902889 0.0
0.17617700290623795 0.06273070136753334 0.0
0.17039169300075713 0.061063498846265066 0.0
0.16482512844637603 0.05928518375931627 0.0
0.15947269821356477 0.057402169610779166 0.0
0.15432979127279325 0.05542086990474589 0.0
0.1493917965945315 0.05334769814530866 0.0
0.14465410314924945 0.051189067836559646 0.0
0.1401120999074171 0.04895139248259102 0.0
0.13576117583950442 0.04664108558749499 0.0
0.13159671991598143 0.044264560655363744 0.0
0.12761412110731807 0.04182823119028946 0.0
0.12380876838398429 0.0393385106963643 0.0
0.1201760507164501 0.03680181267768048 0.0
0.1167113570751855 0.03422455063833017 0.0
0.11341007643066045 0.03161313808240556 0.0
0.11026759775334494 0.028973988513998843 0.0
0.10727931001370891 0.026313515437202176 0.0
0.10444060218222237 0.02363813235610778 0.0
0.10174686322935529 0.020954252774807804 0.0
0.09919348212557766 0.018268290197394458 0.0
0.09677584784135942 0.015586658127959932 0.0
0.09448934934717058 0.012915770070596386 0.0
0.09232937561348112 0.010262039529396031 0.0
0.09029131561076104 0.007631880008451025 0.0
0.08837055830948028 0.005031705011853569 0.0
0.08656249268010884 0.0024679280436958532 0.0
0.08486250769311666 -5.303739192994854e-05 0.0
0.08326599231897379 -0.0025247777909316463 0.0
0.0817683355281501 -0.004940879649217056 0.0
0.08036492629111568 -0.007294929462693996 0.0
0.07905115357834044 -0.009580513727270276 0.0
0.07782240636029439 -0.011791218938853713 0.0
0.07667407360744749 -0.013920631593352122 0.0
0.07560154429026975 -0.01596233818667332 0.0
0.0746002073792311 -0.01790992521472512 0.0
0.0746002073792311 -0.017909925214725127 0.0
0.07381767330621375 -0.019369190264886208 0.0
0.072974592025985 -0.020794331667338163 0.0
0.07207244883597874 -0.02218283868092514 0.0
0.0711128330858776 -0.02353226510508188 0.0
0.07009743537757784 -0.024840233589424845 0.0
0.06902804458677375 -0.02610443982204605 0.0
0.06790654471140799 -0.02732265658913199 0.0
0.06673491155254031 -0.028492737698754957 0.0
0.06551520923348256 -0.029612621761924005 0.0
0.06424958656333193 -0.03068033582423449 0.0
0.06294027325130899 -0.03169399884171824 0.0
0.06158957597857019 -0.03265182499477047 0.0
0.06019987433441521 -0.033552126834315237 0.0
0.05877361662404819 -0.034393318254666974 0.0
0.05731331555527904 -0.03517391728785018 0.0
0.055821543811763574 -0.03589254871445473 0.0
0.05430092952058106 -0.03654794648642703 0.0
0.05275415162213446 -0.0371389559575287 0.0
0.05118393515053044 -0.037664535917533166 0.0
0.049593046432753904 -0.038123760426576475 0.0
0.047984288215094525 -0.03851582044643082 0.0
0.046360494725411996 -0.03884002526582666 0.0
0.04472452667993851 -0.03909580371731238 0.0
0.04307926624341526 -0.039282705183508 0.0
0.04142761195144219 -0.039400400390979695 0.0
0.039772473603986495 -0.039448681990336916 0.0
0.03811676713904596 -0.03942746492152992 0.0
0.03646340949549847 -0.03933678656370422 0.0
0.03481531347418884 -0.039176806669347926 0.0
0.033175382606305204 -0.03894780708284797 0.0
0.03154650603808634 -0.038650191243951096 0.0
0.02993155344087188 -0.03828448347700439 0.0
0.028333369955462352 -0.037851328067227484 0.0
0.02675477117969556 -0.037351488125643824 0.0
0.02519853820807062 -0.03678584424467076 0.0
0.02366741273215811 -0.03615539294673693 0.0
0.022164092210428078 -0.03546124492866003 0.0
0.0206912251160059 -0.034704623104878 0.0
0.019251406270727994 -0.03388686045298109 0.0
0.017847172273717505 -0.0330093976653401 0.0
0.01648099703253377 -0.03207378061096833 0.0
0.015155287404768718 -0.031081657612088687 0.0
0.013872378957768484 -0.030034776540204113 0.0
0.012634531853950238 -0.028934981736786887 0.0
0.011443926868963897 -0.027784210764012315 0.0
0.010302661549713262 -0.026584490991260982 0.0
0.009212746519005149 -0.025337936023403028 0.0
0.00817610193333719 -0.024046741977157414 0.0
0.007194554100064393 -0.022713183612085894 0.0
0.006269832259904275 -0.02133961032303803 0.0
0.005403565540449275 -0.01992844200110779 0.0
0.0045972800860529656 -0.0184821647703931 0.0
0.0038523963691472277 -0.017003326608069885 0.0
0.0031702266877265753 -0.015494532855496259 0.0
0.002551972853408746 -0.013958441628255469 0.0
0.001998724074144552 -0.012397759133224053 0.0
0.0015114550353070508 -0.010815234900915054 0.0
0.0010910241825407563 -0.009213656941495963 0.0
0.000738172209396086 -0.007595846833015159 0.0
0.0004535207524133597 -0.0059646547504901065 0.0
0.00023757129595537024 -0.004322954444615033 0.0
9.07042887179424e-05 -0.0026736381789340285 0.0
1.3178473474845243e-05 -0.001019611634399236 0.0
5.130431238072053e-06 0.0006362112097090668 0.0
6.657434063638001e-05 0.002290913209482036 0.0
0.00019740195293610485 0.003941579195656939 0.0
0.0003973827827482429 0.005585301109413156 0.0
0.0006661645140858333 0.007219183125641373 0.0
0.0010032736210561777 0.008840346754659884 0.0
0.0014081162020945573 0.010445935913390407 0.0
0.0018799790262695737 0.012033121957059011 0.0
0.002418030789816887 0.013599108662557619 0.0
0.003021323580687657 0.01514113715468679 0.0
0.003688794548531424 0.016656490766600692 0.0
0.00441926777717145 0.01814249982589173 0.0
0.005211456356273632 0.01959654635788267 0.0
0.006063964648559225 0.021016068697840395 0.0
0.006975290748567196 0.022398566003985716 0.0
0.00794382912863429 0.0237416026633483 0.0
