# 5
# x y z
0.004299792620768886 0.01790992521472512 0.0
0.004839367300593168 0.01896839879816865 0.0
0.005389383569346314 0.020044357043632985 0.0
0.005950966925228648 0.021137000755604894 0.0
0.006525242866440492 0.0222455307385711 0.0
0.0071133368911821685 0.02336914779701836 0.0
0.007716374497654 0.02450705273543341 0.0
0.008335481184056305 0.025658446358302982 0.0
0.008971782448589413 0.02682252947011384 0.0
0.00962640378945364 0.027998502875352715 0.0
0.01030047070484931 0.029185567378506333 0.0
0.010995108692976742 0.030382923784061464 0.0
0.011711443252036265 0.03158977289650484 0.0
0.012450599880228196 0.03280531552032318 0.0
0.013213704075752859 0.03402875246000327 0.0
0.014001881336810575 0.035259284520031825 0.0
0.01481625716160167 0.03649611250489559 0.0
0.015657957048326464 0.03773843721908131 0.0
0.016528106495185275 0.038985459467075725 0.0
0.01742783100037843 0.04023638005336557 0.0
0.01835825606210625 0.041490399782437605 0.0
0.019320507178569056 0.042746719458778566 0.0
0.020315709847967173 0.04400453988687518 0.0
0.021344989568500918 0.045263061871214205 0.0
0.022409471838370616 0.046521486216282375 0.0
0.0235102821557766 0.04777901372656645 0.0
0.02464854601891917 0.04903484520655315 0.0
0.025825388925998664 0.050288181460729234 0.0
0.027041936375215403 0.05153822329358144 0.0
0.028299313864769714 0.0527841715095965 0.0
0.029598646892861888 0.05402522691326114 0.0
0.030941060957692293 0.05526059030906216 0.0
0.03232768155746123 0.056489462501486266 0.0
0.03375963419036901 0.05771104429502017 0.0
0.035238044354615965 0.058924536494150664 0.0
0.03676403754840242 0.06012913990336449 0.0
0.038338739269928694 0.06132405532714834 0.0
0.039963275017395106 0.062508483569989 0.0
0.041638770289001995 0.06368162543637322 0.0
0.04336635058294966 0.0648426817307877 0.0
0.045147141397438445 0.06599085325771922 0.0
0.046982268230668645 0.0671253408216545 0.0
0.048872856580840604 0.06824534522708028 0.0
0.05082003194615464 0.06935006727848332 0.0
0.05282491982481107 0.07043870778035036 0.0
0.05488864571501023 0.07151046753716814 0.0
0.05701233511495243 0.07256454735342338 0.0
0.05919711352283798 0.07360014803360286 0.0
0.061444106436867235 0.0746164703821933 0.0
0.06375443935524047 0.07561271520368143 0.0
0.06612923777615806 0.07658808330255401 0.0
0.0685696271978203 0.0775417754832978 0.0
0.0710767331184275 0.0784729925503995 0.0
0.07365168103618003 0.07938093530834588 0.0
0.07629559644927814 0.08026480456162369 0.0
0.0790096048559222 0.08112380111471963 0.0
0.08179483175431254 0.0819571257721205 0.0
0.08465240264264946 0.082763979338313 0.0
0.0875834430191333 0.0835435626177839 0.0
0.09058907838196434 0.0842950764150199 0.0
0.09367043422934293 0.08501772153450779 0.0
0.09682863605946945 0.08571069878073428 0.0
0.10006480937054413 0.08637320895818613 0.0
0.10338007966076732 0.08700445287135007 0.0
0.10677557242833936 0.08760363132471286 0.0
0.11025241317146056 0.08816994512276122 0.0
0.11381172738833126 0.08870259506998192 0.0
0.11745464057715174 0.08920078197086168 0.0
0.1211822782361224 0.08966370662988724 0.0
0.12499576586344345 0.09009056985154534 0.0
0.1288962289573153 0.09048057244032275 0.0
0.13288479301593825 0.09083291520070619 0.0
0.13696258353751262 0.09114679893718242 0.0
0.14113072602023874 0.09142142445423813 0.0
0.14539034596231692 0.09165599255636014 0.0
0.14974256886194745 0.09184970404803514 0.0
0.15418852021733073 0.09200175973374988 0.0
0.158729325526667 0.0921113604179911 0.0
0.16336611028815667 0.09217770690524557 0.0
0.1681 0.0922 0.0
0.17057397124772278 0.09220265499098991 0.0
0.17295840775637755 0.09221012762949689 0.0
0.1752598209469215 0.0922216794138269 0.0
0.17748472224031156 0.09223657184228583 0.0
0.17963962305750492 0.09225406641317965 0.0
0.18173103481945854 0.09227342462481428 0.0
0.1837654689471295 0.09229390797549561 0.0
0.1857494368614749 0.09231477796352965 0.0
0.18768944998345172 0.0923352960872222 0.0
0.18959201973401713 0.09235472384487933 0.0
0.1914636575341281 0.09237232273480686 0.0
0.1933108748047418 0.0923873542553108 0.0
0.1951401829668152 0.09239907990469705 0.0
0.19695809344130533 0.0924067611812715 0.0
0.19877111764916935 0.09240965958334012 0.0
0.2005857670113642 0.0924070366092088 0.0
0.2024085529488471 0.09239815375718355 0.0
0.20424598688257495 0.09238227252557021 0.0
0.20610458023350495 0.09235865441267477 0.0
0.20799084442259413 0.09232656091680314 0.0
0.20991129087079943 0.09228525353626119 0.0
0.2118724309990781 0.09223399376935494 0.0
0.21388077622838697 0.09217204311439024 0.0
0.21594283797968333 0.0920986630696731 0.0
0.21806512767392408 0.09201311513350938 0.0
0.22025415673206644 0.09191466080420507 0.0
0.22251643657506737 0.09180256158006607 0.0
0.22485847862388383 0.09167607895939825 0.0
0.22728679429947304 0.09153447444050763 0.0
0.22980789502279209 0.09137700952170011 0.0
0.2324282922147978 0.09120294570128157 0.0
0.2351544972964475 0.09101154447755798 0.0
0.23799302168869813 0.09080206734883531 0.0
0.24095037681250683 0.09057377581341942 0.0
0.24403307408883046 0.09032593136961625 0.0
0.2472476249386263 0.09005779551573176 0.0
0.2506005407828514 0.08976862975007187 0.0
0.25409833304246254 0.08945769557094248 0.0
0.25774751313841704 0.08912425447664953 0.0
0.26155459249167207 0.08876756796549899 0.0
0.2655260825231845 0.08838689753579676 0.0
0.26966849465391124 0.08798150468584873 0.0
0.2739883403048097 0.08755065091396089 0.0
0.2784921308968368 0.08709359771843914 0.0
0.28318637785094947 0.0866096065975894 0.0
0.2880775925881049 0.0860979390497176 0.0
0.2931722865292602 0.0855578565731297 0.0
0.2984769710953723 0.08498862066613161 0.0
0.30399815770739824 0.08438949282702923 0.0
0.30974235778629533 0.08375973455412855 0.0
0.31571608275302043 0.08309860734573543 0.0
0.32192584402853053 0.08240537270015585 0.0
0.3283781530337828 0.08167929211569575 0.0
0.3350795211897344 0.08091962709066097 0.0
0.3420364599173423 0.08012563912335754 0.0
0.34925548063756345 0.07929658971209134 0.0
0.356743094771355 0.07843174035516831 0.0
0.36450581373967406 0.07753035255089438 0.0
0.3725501489634777 0.07659168779757544 0.0
0.38088261186372285 0.0756150075935175 0.0
0.3895097138613668 0.0745995734370264 0.0
0.3984379663773663 0.07354464682640813 0.0
0.40767388083267875 0.07244948925996858 0.0
0.41722396864826083 0.07131336223601373 0.0
0.4270947412450699 0.07013552725284945 0.0
0.437292710044063 0.0689152458087817 0.0
0.447824386466197 0.06765177940211642 0.0
0.4586962819324292 0.06634438953115948 0.0
0.4699149078637165 0.0649923376942169 0.0
0.481486775681016 0.06359488538959453 0.0
0.49341839680528476 0.062151294115598346 0.0
0.5057162826574798 0.060660825370534244 0.0
0.5183869446585584 0.05912274065270817 0.0
0.5314368942294772 0.05753630146042607 0.0
0.5448726427911937 0.05590076929199383 0.0
0.5587007017646647 0.05421540564571742 0.0
0.5729275825708473 0.052479472019902745 0.0
0.5875597966306987 0.05069222991285572 0.0
0.6026038553651757 0.048852940822882315 0.0
0.6180662701952357 0.04696086624828842 0.0
0.6339535525418354 0.045015267687380005 0.0
0.6502722138259323 0.04301540663846295 0.0
0.6670287654684829 0.04096054459984323 0.0
0.6842297188904446 0.03884994306982675 0.0
0.7018815855127746 0.036682863546719416 0.0
0.7199908767564296 0.034458567528827214 0.0
0.738564104042367 0.032176316514456 0.0
0.7576077787915436 0.029835372001911775 0.0
0.7771284124249167 0.027434995489500416 0.0
0.7971325163634431 0.024974448475527895 0.0
0.8176266020280799 0.022452992458300118 0.0
0.8386171808397845 0.01986988893612298 0.0
0.8601107642195134 0.017224399407302474 0.0
0.8821138635882243 0.014515785370144467 0.0
0.9046329903668736 0.011743308322954948 0.0
0.9276746559764188 0.008906229764039817 0.0
0.9512453718378171 0.006003811191704969 0.0
0.9753516493720251 0.003035314104256398 0.0
1.0 0.0 0.0
1.0000266479896187 -4.75815142615918e-06 0.0
1.0000526253209185 -1.236956484532213e-05 0.0
1.0000776274334418 -2.2745003394330756e-05 0.0
1.0001013612002785 -3.576282454255186e-05 0.0
1.0001235483647124 -5.127040623932995e-05 0.0
1.0001439288025267 -6.908593626798746e-05 0.0
1.000162263571722 -8.90005438278328e-05 0.0
1.000178337713893 -0.00011078074835332616 0.0
1.0001919627744196 -0.000134171196860237 0.0
1.0002029790119242 -0.00015889765772591282 0.0
1.000211257271095 -0.00018467023580432236 0.0
1.0002167004969116 -0.00021118677118158905 0.0
1.0002192448725284 -0.00023813638172471402 0.0
1.0002188605674673 -0.0002652031078903429 0.0
1.0002155520873541 -0.0002920696170615276 0.0
1.0002093582210931 -0.0003184209239825195 0.0
1.0002003515861029 -0.0003439480836728996 0.0
1.000188637776944 -0.00036835181352500284 0.0
1.0001743541273187 -0.00039134600211885646 0.0
1.0001576680999595 -0.00041266106361698455 0.0
1.0001387753232807 -0.00043204709841186814 0.0
1.0001178972978149 -0.0004492768229703578 0.0
1.0000952787993223 -0.0004641482345252928 0.0
1.0000711850090167 -0.00047648697937325256 0.0
1.0000458984045608 -0.00048614839701231695 0.0
1.000019715448272 -0.0004930192161541863 0.0
0.9999929431113733 -0.0004970188827264718 0.0
0.9999658952750368 -0.0004981005042955437 0.0
0.9999388890504134 -0.0004962513998374406 0.0
0.9752905570020002 0.0025390615647320697 0.0
0.9511843347026248 0.005507555264026739 0.0
0.9276137099755511 0.008409968246100817 0.0
0.9045721706440438 0.011247039059008455 0.0
0.8820532045313669 0.014019506250803896 0.0
0.8600502994607843 0.016728108369541392 0.0
0.8385569432555604 0.019373583963275102 0.0
0.8175666237389592 0.021956671580059293 0.0
0.797072828734245 0.024478109767948123 0.0
0.777069046064682 0.026938637074995844 0.0
0.7575487635535341 0.029338992049256687 0.0
0.7385054690240657 0.031679913238784836 0.0
0.7199326502995407 0.03396213919163454 0.0
0.7018237952032236 0.03618640845585996 0.0
0.6841723915583784 0.03835345957951537 0.0
0.6669719271882693 0.04046403111065495 0.0
0.6502158899161604 0.042518861597332924 0.0
0.6338977675653157 0.044518689587603535 0.0
0.6180110479589997 0.046464253629520946 0.0
0.6025492189204763 0.04835629227113942 0.0
0.5875057682730097 0.050195544060513145 0.0
0.5728741838398641 0.05198274754569636 0.0
0.5586479534443038 0.05371864127474325 0.0
0.5448205649095929 0.05540396379570806 0.0
0.5313855060589953 0.057039453656645006 0.0
0.5183362647157753 0.05862584940560826 0.0
0.5056663287031972 0.06016388959065211 0.0
0.49336918584452505 0.061654312759830694 0.0
0.4814383239630229 0.06309785746119828 0.0
0.4698672308819551 0.06449526224280908 0.0
0.45864939442458574 0.0658472656527173 0.0
0.4477783024141788 0.06715460623897716 0.0
0.43724744267399884 0.06841802254964285 0.0
0.4270503030273096 0.06963825313276863 0.0
0.41718037129737556 0.07081603653640868 0.0
0.40763113530746076 0.07195211130861723 0.0
0.39839608288082917 0.07304721599744851 0.0
0.3894687018407453 0.0741020891509567 0.0
0.38084248001047294 0.07511746931719605 0.0
0.37251090521327657 0.07609409504422075 0.0
0.3644674652724201 0.07703270488008505 0.0
0.3567056480111679 0.0779340373728431 0.0
0.34921894125278397 0.0787988310705492 0.0
0.3420008328205325 0.07962782452125754 0.0
0.3350448105376777 0.08042175627302227 0.0
0.3283443622274837 0.08118136487389771 0.0
0.3218929757132147 0.08190738887193799 0.0
0.31304269150193803 0.08284010082339453 0.0
0.30434527285677315 0.08365369898534217 0.0
0.29580127892398306 0.08434848823844528 0.0
0.2874112688498306 0.08492477346336821 0.0
0.2791758017805787 0.08538285954077532 0.0
0.2710954368624904 0.08572305135133097 0.0
0.2631707332418285 0.08594565377569954 0.0
0.2554022500648559 0.0860509716945454 0.0
0.24779054647783566 0.08603930998853286 0.0
0.24033618162703066 0.08591097353832633 0.0
0.2330397146587038 0.08566626722459014 0.0
0.22590170471911802 0.08530549592798868 0.0
0.21892271095453628 0.0848289645291863 0.0
0.21210329251122145 0.08423697790884735 0.0
0.2054440085354365 0.08352984094763621 0.0
0.19894541817344438 0.08270785852621723 0.0
0.1926080805715079 0.08177133552525476 0.0
0.1864325548758902 0.0807205768254132 0.0
0.18041940023285397 0.07955588730735685 0.0
0.17456917578866238 0.07827757185175013 0.0
0.16888244068957814 0.07688593533925739 0.0
0.16335975408186426 0.07538128265054297 0.0
0.1580016751117837 0.07376391866627123 0.0
0.15280876292559942 0.07203414826710657 0.0
0.14778157666957425 0.07019227633371332 0.0
0.14292067548997117 0.06823860774675582 0.0
0.13822661853305312 0.06617344738689848 0.0
0.13369996494508296 0.06399710013480564 0.0
0.12934127387232372 0.06170987087114165 0.0
0.12515110446103828 0.059312064476570905 0.0
0.12113001585748955 0.05680398583175773 0.0
0.1172785672079405 0.05418593981736651 0.0
0.11359731765865401 0.05145823131406158 0.0
0.11008682635589305 0.04862116520250733 0.0
0.10674765244592052 0.0456750463633681 0.0
0.10358035507499935 0.04262017967730827 0.0
0.1005854933893925 0.039456870024992194 0.0
0.09776362653536286 0.03618542228708423 0.0
0.0951153136591734 0.03280614134424874 0.0
0.09264111390708704 0.029319332077150102 0.0
0.09034158642536665 0.025725299366452653 0.0
0.08821729036027524 0.022024348092820768 0.0
0.08626878485807567 0.018216783136918796 0.0
0.08449662906503091 0.014302909379411113 0.0
0.08290138212740387 0.010283031700962075 0.0
0.0814836031914575 0.006157454982236044 0.0
0.0802438514034547 0.001926484103897378 0.0
0.07918268590965843 -0.0024095760533895567 0.0
0.07830066585633161 -0.0068504206089604015 0.0
0.07830066585633161 -0.006850420608960403 0.0
0.07796582044643083 -0.008534288215094511 0.0
0.07755802868036812 -0.010201992457174288 0.0
0.07707806288813832 -0.011850374816279352 0.0
0.07652683209245521 -0.013476313367827389 0.0
0.07590538028712404 -0.01507672869428801 0.0
0.0752148844597879 -0.016648589717391138 0.0
0.07445665236279282 -0.018188919438783927 0.0
0.07363212003639344 -0.019694800578264057 0.0
0.07274284908898994 -0.021163381098910958 0.0
0.07179052373954745 -0.0225918796086507 0.0
0.07077694762779937 -0.02397759062802422 0.0
0.06970404039827588 -0.02531788971418215 0.0
0.06857383406462716 -0.026610238431401975 0.0
0.06738846916112701 -0.027852189158713455 0.0
0.06615019068864597 -0.029041389725526966 0.0
0.06486134386277169 -0.03017558786648531 0.0
0.06352436967212936 -0.031252635487101846 0.0
0.062141800255314475 -0.032270492732106054 0.0
0.060716254105193775 -0.03322723184879127 0.0
0.05925043110965717 -0.03412104083804772 0.0
0.05774710743821279 -0.034950226886166245 0.0
0.05620913028410984 -0.03571321957091284 0.0
0.054639412471947424 -0.03640857383580203 0.0
0.05304092694098202 -0.03703497272693594 0.0
0.05141670111458177 -0.03759122988722592 0.0
0.04976981116649154 -0.038076291803272495 0.0
0.04810337619476814 -0.038489239800648445 0.0
0.04642055231441992 -0.03882929178380588 0.0
0.04472452667993851 -0.03909580371731238 0.0
0.04301851144904398 -0.03928827084561042 0.0
0.04130573769907562 -0.03940632864899025 0.0
0.03958944930755037 -0.0394497535339655 0.0
0.03787289680847822 -0.03941846325674419 0.0
0.03615933123607096 -0.03931251707899282 0.0
0.03445199796750358 -0.03913211565559881 0.0
0.03275413057638957 -0.03887760065464378 0.0
0.031068944708611317 -0.03854945411030726 0.0
0.02939963199210476 -0.03814829750992665 0.0
0.027749353992131912 -0.037674890616942215 0.0
0.02612123622349058 -0.037130130031956664 0.0
0.024518362231000707 -0.03651504749463423 0.0
0.022943767749479368 -0.03583080792965563 0.0
0.021400434954264646 -0.03507870724042961 0.0
0.01989128681317735 -0.034260169854739626 0.0
0.018419181550617836 -0.03337674602697403 0.0
0.016986907234282565 -0.03243010890204923 0.0
0.015597176494752715 -0.031422051346586564 0.0
0.01425262138795546 -0.030354482553344247 0.0
0.012955788410228184 -0.02922942442533552 0.0
0.011709133675426957 -0.028049007746481325 0.0
0.010515018263213115 -0.026815468146049765 0.0
0.009375703747328261 -0.025531141864525656 0.0
0.008293347912326703 -0.02419846132892923 0.0
0.007270000666877642 -0.022819950545964036 0.0
0.0063076001613768876 -0.021398220321719157 0.0
0.005407969117221301 -0.01993596331697922 0.0
0.0045728113746978105 -0.018435948947507195 0.0
0.003803708666025328 -0.01690101813895844 0.0
0.0031021176196609837 -0.015334077946359877 0.0
0.0024693670015444383 -0.013738096048344526 0.0
0.0019066551985052332 -0.012116095126569266 0.0
0.0014150479485991602 -0.010471147140960195 0.0
0.0009954763226726615 -0.008806367511628785 0.0
0.0006487349609775803 -0.007124909218476858 0.0
0.0003754805681764062 -0.005429956829666394 0.0
0.000176230669588065 -0.003724720470262782 0.0
5.136263102999139e-05 -0.002012429742475561 0.0
1.1129441128826523e-06 -0.0002963276090102409 0.0
2.5576778341522555e-05 0.0014203357488832993 0.0
0.0001247078008702468 0.00313430908703413 0.0
0.00029831826425417984 0.004842346255986582 0.0
0.0005460793620301954 0.0065412123489875336 0.0
0.0008675218514540839 0.008227689828680773 0.0
0.0012620369422145644 0.00989858462090491 0.0
0.0017288774494408979 0.011550732164053569 0.0
0.002267159208820431 0.013181003402540824 0.0
0.0028758627511459647 0.014786310713020608 0.0
0.0035538352331214093 0.016363613752136286 0.0
0.004299792620768891 0.017909925214725123 0.0
