# 7
# x y z
0.004889831421563566 0.018907575189607145 0.0
0.005140897646512717 0.01936003041361654 0.0
0.00541823903788493 0.019857005879423316 0.0
0.005722733479177198 0.02039720391757208 0.0
0.006055258853886496 0.020979326858607414 0.0
0.006416693045509816 0.021602077033073912 0.0
0.006807913937544137 0.022264156771516174 0.0
0.0072297994134864416 0.022964268404478787 0.0
0.007683227356833718 0.02370111426250635 0.0
0.008169075651082948 0.024473396676143448 0.0
0.00868822217973111 0.025279817975934673 0.0
0.0092415448262752 0.026119080492424635 0.0
0.00982992147421219 0.026989886556157916 0.0
0.01045423000703907 0.027890938497679107 0.0
0.011115348308252821 0.028820938647532806 0.0
0.011814154261350433 0.02977858933626361 0.0
0.012551525749828886 0.030762592894416105 0.0
0.013328340657185161 0.031771651652534885 0.0
0.01414547686691624 0.032804467941164546 0.0
0.015003812262519118 0.0338597440908497 0.0
0.015904224727490767 0.034936182432134893 0.0
0.016847592145328175 0.03603248529556476 0.0
0.01783479239952833 0.03714735501168389 0.0
0.018866703373588208 0.038279493911036855 0.0
0.019944202951004797 0.03942760432416825 0.0
0.021068169015275088 0.04059038858162271 0.0
0.02223947944989605 0.04176654901394478 0.0
0.02345901213836468 0.042954787951679084 0.0
0.02472764496417796 0.0441538077253702 0.0
0.026046255810832863 0.04536231066556273 0.0
0.027415722561826374 0.046578999102801236 0.0
0.028836923100655498 0.04780257536763037 0.0
0.030310735310817204 0.049031741790594684 0.0
0.03183803707580846 0.05026520070223877 0.0
0.03341970627912628 0.051501654433107225 0.0
0.03505662080426763 0.05273980531374467 0.0
0.036749658534729494 0.053978355674695666 0.0
0.038499697354008856 0.055216007846504815 0.0
0.040307615145602715 0.05645146415971673 0.0
0.042174289793008024 0.05768342694487597 0.0
0.04410059917972181 0.05891059853252716 0.0
0.046087421189241015 0.06013168125321488 0.0
0.048135633705062644 0.061345377437483715 0.0
0.050246114610683686 0.06255038941587827 0.0
0.0524197417896011 0.06374541951894314 0.0
0.054657393125311905 0.06492917007722292 0.0
0.05695994650131306 0.06610034342126217 0.0
0.05932827980110154 0.06725764188160553 0.0
0.061763270908174364 0.06839976778879758 0.0
0.06426579770602849 0.06952542347338289 0.0
0.0668367380781609 0.07063331126590608 0.0
0.06947696990806858 0.07172213349691174 0.0
0.07218737107924852 0.07279059249694445 0.0
0.07496881947519773 0.07383739059654881 0.0
0.07782219297941313 0.07486123012626943 0.0
0.08074836947539174 0.07586081341665087 0.0
0.0837482268466306 0.07683484279823775 0.0
0.08682264297662659 0.07778202060157466 0.0
0.08997249574887677 0.07870104915720617 0.0
0.09319866304687806 0.07959063079567691 0.0
0.09650202275412748 0.08044946784753144 0.0
0.09988345275412205 0.08127626264331439 0.0
0.1033438309303587 0.08206971751357033 0.0
0.10688403516633443 0.08282853478884383 0.0
0.11050494334554622 0.08355141679967953 0.0
0.11420743335149106 0.084237065876622 0.0
0.11799238306766595 0.08488418435021583 0.0
0.12186067037756784 0.08549147455100563 0.0
0.12581317316469376 0.08605763880953599 0.0
0.1298507693125406 0.08658137945635146 0.0
0.13397433670460546 0.0870613988219967 0.0
0.13818475322438528 0.08749639923701627 0.0
0.142482896755377 0.08788508303195476 0.0
0.14686964518107767 0.08822615253735677 0.0
0.15134587638498423 0.0885183100837669 0.0
0.15591246825059366 0.08876025800172974 0.0
0.16057029866140296 0.08895069862178986 0.0
0.16532024550090912 0.08908833427449189 0.0
0.17016318665260913 0.08917186729038042 0.0
0.1751 0.0892 0.0
0.17755313742266088 0.08920257060481038 0.0
0.17991746085181398 0.0892098060226316 0.0
0.18219942793830615 0.08922099165854891 0.0
0.18440549633298406 0.08923541291764746 0.0
0.1865421236866945 0.0892523552050125 0.0
0.18861576765028432 0.08927110392572918 0.0
0.19063288587460006 0.08929094448488269 0.0
0.1925999360104887 0.0893111622875583 0.0
0.19452337570879677 0.08933104273884108 0.0
0.1964096626203712 0.08934987124381637 0.0
0.1982652543960587 0.08936693320756926 0.0
0.20009660868670603 0.08938151403518503 0.0
0.20191018314315995 0.08939289913174882 0.0
0.20371243541626716 0.08940037390234581 0.0
0.20550982315687447 0.08940322375206126 0.0
0.20730880401582852 0.0894007340859803 0.0
0.20911583564397626 0.08939219030918821 0.0
0.21093737569216423 0.0893768778267701 0.0
0.2127798818112394 0.08935408204381123 0.0
0.21464981165204844 0.08932308836539676 0.0
0.21655362286543794 0.0892831821966119 0.0
0.21849777310225496 0.08923364894254188 0.0
0.22048872001334593 0.08917377400827178 0.0
0.22253292124955787 0.08910284279888694 0.0
0.2246368344617374 0.0890201407194725 0.0
0.22680691730073133 0.08892495317511366 0.0
0.22904962741738644 0.0888165655708956 0.0
0.2313714224625493 0.08869426331190351 0.0
0.23377876008706686 0.08855733180322262 0.0
0.23627809794178584 0.08840505644993812 0.0
0.23887589367755294 0.08823672265713518 0.0
0.2415786049452149 0.08805161582989901 0.0
0.2443926893956186 0.08784902137331484 0.0
0.2473246046796107 0.08762822469246785 0.0
0.2503808084480379 0.08738851119244319 0.0
0.25356775835174705 0.0871291662783261 0.0
0.2568919120415849 0.0868494753552018 0.0
0.2603597271683981 0.08654872382815543 0.0
0.26397766138303347 0.08622619710227218 0.0
0.2677521723363379 0.08588118058263736 0.0
0.271689717679158 0.08551295967433606 0.0
0.2757967550623404 0.08512081978245345 0.0
0.28007974213673215 0.08470404631207484 0.0
0.28454513655317987 0.08426192466828539 0.0
0.2891993959625302 0.08379374025617022 0.0
0.29404897801563 0.08329877848081459 0.0
0.29910034036332606 0.08277632474730372 0.0
0.304359940656465 0.08222566446072277 0.0
0.3098342365458937 0.08164608302615692 0.0
0.315529685682459 0.08103686584869141 0.0
0.32145274571700744 0.08039729833341142 0.0
0.32760987430038585 0.07972666588540211 0.0
0.334007529083441 0.07902425390974877 0.0
0.34065216771701967 0.07828934781153647 0.0
0.3475502478519686 0.07752123299585054 0.0
0.3547082271391345 0.07671919486777608 0.0
0.3621325632293642 0.07588251883239831 0.0
0.3698297137735044 0.07501049029480246 0.0
0.3778061364224019 0.07410239466007369 0.0
0.38606828882690336 0.07315751733329721 0.0
0.3946226286378557 0.07217514371955822 0.0
0.4034756135061054 0.07115455922394191 0.0
0.4126337010824996 0.07009504925153348 0.0
0.4221033490178846 0.06899589920741814 0.0
0.4318910149631075 0.06785639449668107 0.0
0.442003156569015 0.06667582052440746 0.0
0.4524462314864537 0.06545346269568253 0.0
0.4632266973662706 0.06418860641559145 0.0
0.4743510118593122 0.06288053708921945 0.0
0.4858256326164255 0.061528540121651695 0.0
0.497657017288457 0.06013190091797341 0.0
0.5098516235262535 0.05868990488326977 0.0
0.522415908980662 0.057201837422625974 0.0
0.5353563313025289 0.05566698394112724 0.0
0.5486793481427015 0.054084629843858735 0.0
0.5623914171520258 0.05245406053590569 0.0
0.576498995981349 0.05077456142235327 0.0
0.5910085422815179 0.049045417908286676 0.0
0.6059265137033791 0.04726591539879113 0.0
0.6212593678977796 0.0454353392989518 0.0
0.6370135625155657 0.043552975013853905 0.0
0.6531955552075847 0.04161810794858262 0.0
0.6698118036246828 0.03963002350822317 0.0
0.686868765417707 0.03758800709786074 0.0
0.7043728982375044 0.035491344122580495 0.0
0.722330659734921 0.03333931998746769 0.0
0.7407485075608045 0.03113122009760747 0.0
0.7596328993660008 0.028866329858085064 0.0
0.7789902928013572 0.026543934673985647 0.0
0.79882714551772 0.024163319950394453 0.0
0.8191499151659363 0.02172377109239665 0.0
0.8399650593968528 0.01922457350507741 0.0
0.8612790358613162 0.01666501259352199 0.0
0.8830983022101734 0.014044373762815525 0.0
0.9054293160942708 0.011361942418043273 0.0
0.9282785351644554 0.0086170039642904 0.0
0.9516524170715741 0.005808843806642074 0.0
0.9755574194664733 0.002936747350183552 0.0
1.0 0.0 0.0
1.000026661920536 -4.6794603361987935e-06 0.0
1.0000526616090932 -1.2214150153059747e-05 0.0
1.000077694243095 -2.2515732101512792e-05 0.0
1.000101466337795 -3.5463429552038534e-05 0.0
1.0001236991871183 -5.0905442590222163e-05 0.0
1.000144132131234 -6.866072773195817e-05 0.0
1.0001625256125548 -8.852112049277173e-05 0.0
1.000178663984329 -0.0001102537759260726 0.0
1.0001923580389032 -0.00013360389851726164 0.0
1.0002034472260082 -0.00015829772942817786 0.0
1.0002118015350638 -0.00018404575606917567 0.0
1.0002173230194353 -0.0002105461063695346 0.0
1.0002199469447663 -0.00023748808795148434 0.0
1.0002196425479317 -0.00026455583071426515 0.0
1.0002164133977058 -0.0002914319901222567 0.0
1.0002102973529228 -0.0003178014677795071 0.0
1.0002013661186155 -0.00034335510567032855 0.0
1.0001897244053406 -0.00036779331075436494 0.0
1.0001755087015418 -0.00039082956742106996 0.0
1.000158885673349 -0.00041219379662327704 0.0
1.000140050210569 -0.0004316355223070911 0.0
1.0001192231417813 -0.0004489268080146089 0.0
1.0000966486453253 -0.0004638649292304829 0.0
1.0000725913865316 -0.00047627475014151157 0.0
1.0000473334147642 -0.00048601077694392054 0.0
1.0000211708566482 -0.0004929588636251858 0.0
0.9999944104442569 -0.0004970375502216656 0.0
0.9999673659189583 -0.0004981990178621952 0.0
0.9999403543530845 -0.0004964296494006291 0.0
0.9754977919536235 0.002440316615289248 0.0
0.9515928434691503 0.005312409844703864 0.0
0.9282190505111606 0.008120564677913727 0.0
0.9053699546911516 0.010865495753989254 0.0
0.8830390976206192 0.01354791771200095 0.0
0.8612200209110595 0.016168545191019325 0.0
0.8399062661739694 0.01872809283011481 0.0
0.8190913750208445 0.021227275268357916 0.0
0.7987688890631819 0.02366680714481908 0.0
0.7789323499124777 0.02604740309856881 0.0
0.7595752991802277 0.028369777768677603 0.0
0.740691278477929 0.03063464579421589 0.0
0.7222738294170774 0.0328427218142542 0.0
0.7043164936091697 0.03499472046786295 0.0
0.6868128126657017 0.037091356394112686 0.0
0.6697563281981702 0.03913334423207382 0.0
0.6531405818180712 0.04112139862081687 0.0
0.6369591151369013 0.04305623419941231 0.0
0.6212054697661566 0.04493856560693062 0.0
0.6058731873173336 0.04676910748244226 0.0
0.5909558094019287 0.048548574465017716 0.0
0.5764468776314379 0.05027768119372749 0.0
0.5623399336173579 0.05195714230764202 0.0
0.5486285189711849 0.0535876724458318 0.0
0.535306175304415 0.05516998624736732 0.0
0.5223664442285451 0.056704798351319044 0.0
0.5098028673550709 0.058192823396757465 0.0
0.49760898629548916 0.05963477602275304 0.0
0.48577834266129605 0.061031370868376254 0.0
0.4743044780639879 0.062383322572697616 0.0
0.4631809341150611 0.06369134577478755 0.0
0.4524012524260119 0.06495615511371657 0.0
0.44195897460833683 0.06617846522855514 0.0
0.431847642273532 0.06735899075837376 0.0
0.4220607970330939 0.06849844634224286 0.0
0.41259198049851886 0.06959754661923297 0.0
0.40343473428130294 0.07065700622841455 0.0
0.3945825999929429 0.07167753980885806 0.0
0.3860291192449347 0.072659861999634 0.0
0.377767833648775 0.07360468743981284 0.0
0.3697922848159598 0.07451273076846507 0.0
0.3620960143579858 0.07538470662466112 0.0
0.35467256388634905 0.07622132964747155 0.0
0.347515475012546 0.07702331447596676 0.0
0.3406182893480729 0.07779137574921727 0.0
0.3339745485044262 0.07852622810629356 0.0
0.3275777940931022 0.07922858618626608 0.0
0.32142156772559727 0.07989916462820534 0.0
0.3154994110134076 0.08053867807118179 0.0
0.3098048655680296 0.08114784115426592 0.0
0.3043314730009597 0.0817273685165282 0.0
0.29907277492369416 0.08227797479703913 0.0
0.29402231294772924 0.08280037463486915 0.0
0.2891736286845614 0.0832952826690888 0.0
0.28452026374568695 0.08376341353876851 0.0
0.27612885934840614 0.08447943351914053 0.0
0.2679336191437334 0.0849653656067861 0.0
0.25993300261242364 0.08522872153551327 0.0
0.2521254692352314 0.08527701303913013 0.0
0.2445094784929113 0.08511775185144468 0.0
0.23708348986621824 0.08475844970626503 0.0
0.2298459628359068 0.08420661833739923 0.0
0.22279535688273167 0.0834697694786553 0.0
0.21593013148744758 0.0825554148638413 0.0
0.20924874613080924 0.08147106622676531 0.0
0.20274966029357133 0.08022423530123536 0.0
0.1964313334564885 0.07882243382105952 0.0
0.19029222510031554 0.07727317352004584 0.0
0.18433079470580704 0.07558396613200236 0.0
0.1785455017537178 0.07376232339073716 0.0
0.17293480572480247 0.07181575703005827 0.0
0.1674971660998157 0.06975177878377378 0.0
0.1622310423595123 0.06757790038569171 0.0
0.15713489398464683 0.06530163356962011 0.0
0.15220718045597412 0.06293049006936707 0.0
0.14744636125424876 0.06047198161874062 0.0
0.1428508958602255 0.05793361995154882 0.0
0.13841924375465903 0.05532291680159971 0.0
0.13414986441830407 0.05264738390270139 0.0
0.13004121733191526 0.049914532988661865 0.0
0.12609176197624733 0.047131875793289195 0.0
0.12229995783205498 0.04430692405039146 0.0
0.11866426438009291 0.04144718949377671 0.0
0.1151831411011158 0.038560183857252975 0.0
0.11185504747587838 0.03565341887462834 0.0
0.1086784429851353 0.03273440627971084 0.0
0.10565178710964128 0.029810657806308535 0.0
0.10277353933015103 0.02688968518822947 0.0
0.10004215912741922 0.02397900015928171 0.0
0.09745610598220056 0.02108611445327332 0.0
0.09501383937524975 0.01821853980401233 0.0
0.09271381878732148 0.015383787945306824 0.0
0.09055450369917045 0.012589370610964825 0.0
0.08853435359155136 0.009842799534794406 0.0
0.08665182794521893 0.00715158645060362 0.0
0.08490538624092782 0.0045232430922005195 0.0
0.08329348795943273 0.001965281193393158 0.0
0.08181459258148836 -0.0005147875120104088 0.0
0.0804671595878494 -0.00290945129020213 0.0
0.07924964845927059 -0.005211198407373944 0.0
0.07816051867650657 -0.007412517129717802 0.0
0.07719822972031207 -0.009505895723425644 0.0
0.0763612410714418 -0.011483822454689421 0.0
0.07564801221065043 -0.01333878558970108 0.0
0.07564801221065043 -0.013338785589701075 0.0
0.07505926501720639 -0.014856964912756444 0.0
0.07440765730934236 -0.016349244749044967 0.0
0.07369432500582146 -0.017813023673437126 0.0
0.07292051162715167 -0.019245749945176686 0.0
0.07208756612781178 -0.020644925956216992 0.0
0.07119694054467911 -0.02200811258519 0.0
0.07025018746575801 -0.023332933449418253 0.0
0.0692489573236222 -0.02461707904755727 0.0
0.06819499551828906 -0.025858310785646498 0.0
0.06709013937454128 -0.027054464879550752 0.0
0.06593631493900028 -0.02820345612698895 0.0
0.0647355336225346 -0.029303281542574562 0.0
0.06348988869385681 -0.03035202384953109 0.0
0.06220155163042117 -0.03134785482199541 0.0
0.06087276833298344 -0.032289038472082705 0.0
0.059505855210421885 -0.03317393407615705 0.0
0.058103195141644595 -0.03400099903503199 0.0
0.056667233321622636 -0.034768791563115145 0.0
0.05520047299879024 -0.03547597320180897 0.0
0.053705471111243054 -0.03612131115278619 0.0
0.05218483382934159 -0.0367036804270723 0.0
0.05064121201249025 -0.037222065806188843 0.0
0.04907729658801196 -0.03767556361193874 0.0
0.047495813860173965 -0.0380633832817483 0.0
0.045899520757542916 -0.038384848746819814 0.0
0.04429120002695374 -0.03863939961069226 0.0
0.04267365538247074 -0.038826592126155544 0.0
0.04104970661779745 -0.03894609996881533 0.0
0.039422184690655525 -0.0389977148059598 0.0
0.037793926787702055 -0.03898134665973685 0.0
0.03616777137858805 -0.03889702406400848 0.0
0.034546553267780375 -0.038744894014608976 0.0
0.03293309865277318 -0.03852522171309358 0.0
0.03133022019730333 -0.03823839010442446 0.0
0.029740712128158767 -0.0378848992093997 0.0
0.02816734536412698 -0.03746536525298931 0.0
0.02661286268557561 -0.036980519590097634 0.0
0.025079973953085095 -0.036431207430624786 0.0
0.02357135138346922 -0.03581838636604981 0.0
0.02208962489141839 -0.03514312470010405 0.0
0.020637377504886013 -0.03440659958644466 0.0
0.01921714086221078 -0.03361009497657496 0.0
0.017831390798823996 -0.032754999381588865 0.0
0.01648254303123568 -0.031842803451641116 0.0
0.015172948945823411 -0.03087509737736324 0.0
0.013904891499764767 -0.02985356811775472 0.0
0.012680581241259623 -0.02877999645938243 0.0
0.011502152455979728 -0.02765625391201452 0.0
0.010371659446463285 -0.026484299446100614 0.0
0.009291072950940588 -0.025266176077785613 0.0
0.00826227670783368 -0.024004007307410487 0.0
0.007287064171918871 -0.022699993417708474 0.0
0.006367135387876706 -0.02135640763814998 0.0
0.005504094026679576 -0.019975592182122595 0.0
0.004699444589983441 -0.0185599541638546 0.0
0.003954589787396885 -0.017111961402199727 0.0
0.003270828091199836 -0.01563413811859819 0.0
0.0026493514727744735 -0.014129060536713561 0.0
0.0020912433246945347 -0.012599352391416576 0.0
0.0015974765720951911 -0.01104768035494474 0.0
0.0011689119766158385 -0.00947674938821109 0.0
0.0008062966358726026 -0.007889298025365988 0.0
0.00051026268107629 -0.006288093599832255 0.0
0.000281326175066092 -0.004675927420135819 0.0
0.00011988621268021332 -0.0030556099039415557 0.0
2.62242250315195e-05 -0.0014299656787770214 0.0
5.034889012447974e-07 0.0001981713420151705 0.0
4.2768842105786464e-05 0.001825962899512522 0.0
0.00015294660533295146 0.003450571337023346 0.0
0.00033084471058381776 0.005069164546847621 0.0
0.0005761530359963823 0.006678920907364467 0.0
0.0008884439464671573 0.008277034201839704 0.0
0.0012671730391284816 0.009860718510378823 0.0
0.0017116800923818593 0.011427213066497391 0.0
0.0022211902168329176 0.012973787069842533 0.0
0.0027948152061216536 0.01449774444667584 0.0
0.0034315550852931226 0.01599642854981893 0.0
0.004130299854009339 0.01746722678986847 0.0
0.004889831421563566 0.01890757518960715 0.0
