1.000000000000000000e+00,0.000000000000000000e+00
1.000026688828270949e+00,-4.523472253983678009e-06
1.000052732132106881e+00,-1.190599763533609252e-05
1.000077824577582319e+00,-2.206102278386816678e-05
1.000101671978716134e+00,-3.486948931454142138e-05
1.000123994746534128e+00,-5.018122966817629505e-05
1.000144531166992978e+00,-6.781672768878420549e-05
1.000163040469340014e+00,-8.756922328636310105e-05
1.000179305648928318e+00,-1.092071365099102820e-04
1.000193136011398254e+00,-1.324767826106124612e-04
1.000204369408395522e+00,-1.571053462635791373e-04
1.000212874138610930e+00,-1.828040800780898366e-04
1.000218550491858593e+00,-2.092716898967458198e-04
1.000221331918086598e+00,-2.361978671939897424e-04
1.000221185807615765e+00,-2.632669271598499900e-04
1.000218113873457604e+00,-2.901615098157046151e-04
1.000212152131231269e+00,-3.165663007698650729e-04
1.000203370476913767e+00,-3.421717279905244174e-04
1.000191871867372573e+00,-3.666775912547857313e-04
1.000177791113291637e+00,-3.897965817218001041e-04
1.000161293298638121e+00,-4.112576503662362850e-04
1.000142571845204609e+00,-4.308091857802804703e-04
1.000121846244915735e+00,-4.482219640873422433e-04
1.000099359486485318e+00,-4.632918363824263227e-04
1.000075375206595618e+00,-4.758421221913886013e-04
1.000050174598999808e+00,-4.857256808879547444e-04
1.000024053117780864e+00,-4.928266367830312807e-04
9.999973170134225375e-01,-4.970617376612142604e-04
9.999702797423036804e-01,-4.983813308368969380e-04
9.999432582917076040e-01,-4.967699452866098254e-04
9.756990927910078604e-01,2.272421481387833838e-03
9.519882335702746223e-01,4.980642139331180676e-03
9.288042735778984094e-01,7.628566027216188324e-03
9.061408057622706291e-01,1.021686714371552833e-02
8.839914230717821342e-01,1.274621948750196201e-02
8.623497184548233330e-01,1.521729705724824376e-02
8.412092848597856332e-01,1.763077385162705943e-02
8.205637152350595542e-01,1.998732386931117988e-02
8.004066025290360598e-01,2.228762110897328577e-02
7.807315396901062243e-01,2.453233956928613929e-02
7.615321196666604564e-01,2.672215324892248875e-02
7.428019354070901636e-01,2.885773614655502695e-02
7.245345798597857545e-01,3.093976226085651954e-02
7.067236459731385256e-01,3.296890559049964892e-02
6.893627266955388855e-01,3.494584013415719809e-02
6.724454149753783527e-01,3.687123989050185985e-02
6.559653037610472248e-01,3.874577885820636169e-02
6.399159860009364653e-01,4.057013103594348663e-02
6.242910546434372598e-01,4.234497042238590664e-02
6.090841026369400169e-01,4.407097101620637697e-02
5.942887229298360330e-01,4.574880681607761818e-02
5.798985084705159387e-01,4.737915182067237857e-02
5.659070522073708087e-01,4.896268002866337177e-02
5.523079470887913844e-01,5.050006543872333220e-02
5.390947860631684074e-01,5.199198204952498736e-02
5.262611620788930633e-01,5.343910385974107169e-02
5.138006680843557605e-01,5.484210486804432655e-02
5.017068970279480178e-01,5.620165907310746556e-02
4.899734418580601325e-01,5.751844047360321621e-02
4.785938955230831793e-01,5.879312306820431988e-02
4.675618509714081772e-01,6.002638085558349712e-02
4.568709011514257567e-01,6.121888783441350318e-02
4.465146390115270481e-01,6.237131800336703086e-02
4.364866575001026261e-01,6.348434536111687010e-02
4.267805495655436765e-01,6.455864390633565819e-02
4.173899081562409408e-01,6.559488763769619202e-02
4.083083262205851049e-01,6.659375055387120601e-02
3.995293967069672991e-01,6.755590665353339297e-02
3.893339573107313933e-01,6.864441836586909762e-02
3.792192811415059928e-01,6.967751487408160860e-02
3.691899740856576795e-01,7.065179271761670710e-02
3.592506420295527025e-01,7.156384843592014655e-02
3.494058908595575885e-01,7.241027856843765265e-02
3.396603264620389195e-01,7.318767965461503433e-02
3.300185547233628891e-01,7.389264823389803116e-02
3.204851815298960793e-01,7.452178084573238270e-02
3.110648127680049058e-01,7.507167402956388402e-02
3.017620543240557840e-01,7.553892432483827468e-02
2.925815120844151851e-01,7.592012827100130812e-02
2.835277919354495246e-01,7.621188240749876552e-02
2.746054997635252737e-01,7.641078327377638646e-02
2.658192414550087923e-01,7.651342740927993824e-02
2.571736228962666626e-01,7.651641135345517430e-02
2.486732499736651336e-01,7.641633164574784809e-02
2.403227285735707597e-01,7.620978482560374079e-02
2.321266645823499841e-01,7.589336743246860584e-02
2.240896638863691948e-01,7.546367600578818280e-02
2.162163323719949459e-01,7.491730708500825286e-02
2.085112759255935422e-01,7.425085720957456947e-02
2.009791004335314268e-01,7.346092291893287218e-02
1.936244117821750987e-01,7.254410075252894219e-02
1.864518158578910290e-01,7.149698724980856068e-02
1.794659185470456053e-01,7.031617895021743947e-02
1.726713257360052156e-01,6.899827239320135974e-02
1.660726433111363864e-01,6.753986411820608882e-02
1.596744771588055334e-01,6.593755066467736625e-02
1.534814331653790442e-01,6.418792857206095936e-02
1.474981172172234456e-01,6.228759437980264935e-02
1.417291352007051253e-01,6.023314462734816882e-02
1.361790930021905266e-01,5.802117585414329204e-02
1.308525965080460651e-01,5.564828459963375856e-02
1.257542516046382119e-01,5.311106740326534265e-02
1.208886641783333965e-01,5.040612080448380466e-02
1.162604401154980482e-01,4.753004134273489806e-02
1.118741853024986244e-01,4.447942555746439708e-02
1.077345056257015543e-01,4.125086998811804129e-02
1.038460069714732814e-01,3.784097117414159106e-02
1.002132952261802629e-01,3.424632565498082759e-02
9.684097627618890036e-02,3.046352997008148697e-02
9.373365600786565111e-02,2.648918065888933998e-02
9.089594030757691678e-02,2.231987426085013312e-02
8.833243506168919623e-02,1.795220731540964065e-02
8.604774615656889114e-02,1.338277636201361948e-02
8.404647947858248647e-02,8.608177940107826498e-03
8.233324091409632839e-02,3.625008589138016893e-03
8.091263634947695738e-02,-1.570135151450043325e-03
7.978927167109076124e-02,-6.980656742210599418e-03
7.978927167109076124e-02,-6.980656742210601153e-03
7.943456430580209116e-02,-8.757223517410102354e-03
7.900017567785944106e-02,-1.051600529513204221e-02
7.848698798475801930e-02,-1.225343017505689872e-02
7.789604345658471263e-02,-1.396596963047239473e-02
7.722854223935862739e-02,-1.565014567433908876e-02
7.648583995766111698e-02,-1.730253792271539345e-02
7.566944496150522503e-02,-1.891979054119658638e-02
7.478101526303582158e-02,-2.049861906026070879e-02
7.382235516928178920e-02,-2.203581704567974045e-02
7.279541161779881642e-02,-2.352826261044928952e-02
7.170227022264438754e-02,-2.497292475501203257e-02
7.054515103871569770e-02,-2.636686952289806971e-02
6.932640405305218190e-02,-2.770726595928124647e-02
6.804850441225963886e-02,-2.899139186034978277e-02
6.671404739574861298e-02,-3.021663930181508681e-02
6.532574314499552115e-02,-3.138051993533106515e-02
6.388641115953105909e-02,-3.248067004206721398e-02
6.239897457083399407e-02,-3.351485533317226373e-02
6.086645420575952092e-02,-3.448097548737918960e-02
5.929196245155834988e-02,-3.537706841653624062e-02
5.767869693494644123e-02,-3.620131425040110096e-02
5.602993402806233370e-02,-3.695203903260541739e-02
5.434902219450082894e-02,-3.762771812028365553e-02
5.263937518893666012e-02,-3.822697928046194654e-02
5.090446512414862484e-02,-3.874860547691860030e-02
4.914781541952466248e-02,-3.919153734185629873e-02
4.737299364536866342e-02,-3.955487532736641498e-02
4.558360427754151040e-02,-3.983788153231590523e-02
4.378328137715055413e-02,-4.003998120094670599e-02
4.197568121015484571e-02,-4.016076389014410636e-02
4.016447482187442825e-02,-4.019998430300339431e-02
3.835334058148446440e-02,-4.015756278700199911e-02
3.654595671163544945e-02,-4.003358549576540443e-02
3.474599381837078366e-02,-3.982830421409817162e-02
3.295710743651290159e-02,-3.954213584663558712e-02
3.118293060565777847e-02,-3.917566157115431186e-02
2.942706649185434370e-02,-3.872962565826156001e-02
2.769308106995446023e-02,-3.820493395986006291e-02
2.598449588149391934e-02,-3.760265206945830052e-02
2.430478088281290416e-02,-3.692400315806250444e-02
2.265734739794064007e-02,-3.617036549004529894e-02
2.104554119055609268e-02,-3.534326962403615269e-02
1.947263566909469487e-02,-3.444439530451818415e-02
1.794182523880091112e-02,-3.347556805044418771e-02
1.645621881422829058e-02,-3.243875544780029652e-02
1.501883350536158471e-02,-3.133606315364614869e-02
1.363258849018476881e-02,-3.016973061974762005e-02
1.230029908613824302e-02,-2.894212654448635388e-02
1.102467103250606359e-02,-2.765574406228314339e-02
9.808294995344774003e-03,-2.631319568030486208e-02
8.653641306113818432e-03,-2.491720797273787313e-02
7.563054944692941539e-03,-2.347061604340346802e-02
6.538750776975195411e-03,-2.197635776796082532e-02
5.582809056708028239e-03,-2.043746782739153459e-02
4.697171200717172035e-03,-1.885707154488241305e-02
3.883635846093899668e-03,-1.723837853862375188e-02
3.143855197352683761e-03,-1.558467620341322593e-02
2.479331670978121571e-03,-1.389932303430370907e-02
1.891414844175459686e-03,-1.218574180585407785e-02
1.381298714021601814e-03,-1.044741262083484501e-02
9.500192725829942342e-04,-8.687865842506650726e-03
5.984524029249496668e-04,-6.910674924824602647e-03
3.273121002855330919e-04,-5.119449155130195890e-03
1.371490220264948157e-04,-3.317826324069331114e-03
2.834936930629083918e-05,-1.509465337623129306e-03
1.134102746207232837e-06,3.019612137442678410e-04
5.555849368266141397e-05,2.112774513729657761e-03
1.915120119169444468e-04,3.919296991478672665e-03
4.087185501903956020e-04,5.717859790344471775e-03
7.067369849291377237e-04,7.504810218948631574e-03
1.084962072119513565e-03,9.276519169412151405e-03
1.542625676494886744e-03,1.102938848769085926e-02
2.078798331537332067e-03,1.275985828104682709e-02
2.692391127126145256e-03,1.446441414781512655e-02
3.382157920999433187e-03,1.613959431478299150e-02
4.146697869537689651e-03,1.778199666768617154e-02
4.984458272729398731e-03,1.938828566054417654e-02
5.893737727541058236e-03,2.095519908980251339e-02
6.872689583287329429e-03,2.247955471952402598e-02
6.872689583287326827e-03,2.247955471952402598e-02
7.432839094050579937e-03,2.330960919705807669e-02
8.006041423193135248e-03,2.415660733171999530e-02
8.593441751681366730e-03,2.501983898218207436e-02
9.196185260481650955e-03,2.589859400711656823e-02
9.815417130560357556e-03,2.679216226519575555e-02
1.045228254288385616e-02,2.769983361509189418e-02
1.110792667841852509e-02,2.862089791547724887e-02
1.178349471813073222e-02,2.955464502502410176e-02
1.248013184298685241e-02,3.050036480240471762e-02
1.319898323395325701e-02,3.145734710629134734e-02
1.394119407199632087e-02,3.242488179535627651e-02
1.470790953808241187e-02,3.340225872827177339e-02
1.550027481317790834e-02,3.438876776371008887e-02
1.631943507824917816e-02,3.538369876034350853e-02
1.716653551426259791e-02,3.638634157684429715e-02
1.804272130218454243e-02,3.739598607188472645e-02
1.894913762298137613e-02,3.841192210413704733e-02
1.988692965761947387e-02,3.943343953227354537e-02
2.085724258706521395e-02,4.045982821496647841e-02
2.186122159228496425e-02,4.149037801088811817e-02
2.290001185424509964e-02,4.252437877871072941e-02
2.397475855391199145e-02,4.356112037710659080e-02
2.508660687225200414e-02,4.459989266474795322e-02
2.623670199023152294e-02,4.563998550030708840e-02
2.742618908881692269e-02,4.668068874245629579e-02
2.865621334897456435e-02,4.772129224986779161e-02
2.992791995167082275e-02,4.876108588121387533e-02
3.124245407787207968e-02,4.979935949516683252e-02
3.260096090854470302e-02,5.083540295039888635e-02
3.400458562465504680e-02,5.186850610558230851e-02
3.545447340716952056e-02,5.289795881938942623e-02
3.695176943705447137e-02,5.392305095049244879e-02
3.849761889527626713e-02,5.494307235756364788e-02
4.009316696280129655e-02,5.595731289927530910e-02
4.173955882059593447e-02,5.696506243429971805e-02
4.343793964962652798e-02,5.796561082130910481e-02
4.518945463085947967e-02,5.895824791897574801e-02
4.699524894526115049e-02,5.994226358597193327e-02
4.885646777379790140e-02,6.091694768096990453e-02
5.077425629743612806e-02,6.188159006264195433e-02
5.274975969714217755e-02,6.283548058966033356e-02
5.478412315388243858e-02,6.377790912069730700e-02
5.687849184862329294e-02,6.470816551442518105e-02
5.903401096233108769e-02,6.562553962951615805e-02
6.125182567597221850e-02,6.652932132464255133e-02
6.353308117051303938e-02,6.741880045847661873e-02
6.587892262691993905e-02,6.829326688969063197e-02
6.829049522615929235e-02,6.915201047695686276e-02
7.076894414919743248e-02,6.999432107894755506e-02
7.331541457700077591e-02,7.081948855433499446e-02
7.593105169053568360e-02,7.162680276179145267e-02
7.861700067076851650e-02,7.241555355998918753e-02
8.137440669866569110e-02,7.318503080760049850e-02
8.420441495519349895e-02,7.393452436329758792e-02
8.710817062131837041e-02,7.466332408575278301e-02
9.008681887800670807e-02,7.537071983363834160e-02
9.314150490622480350e-02,7.605600146562652153e-02
9.627337388693907316e-02,7.671845884038958063e-02
9.948357100111587803e-02,7.735738181659979062e-02
1.027732414297216068e-01,7.797206025292942322e-02
1.061435303537226482e-01,7.856178400805076401e-02
1.095955829540853216e-01,7.912584294063607082e-02
1.131305444117760434e-01,7.966352690935760150e-02
1.167495599077611468e-01,8.017412577288762776e-02
1.204537746230070483e-01,8.065692938989840743e-02
1.242443337384801089e-01,8.111122761906223999e-02
1.281223824351466756e-01,8.153631031905136939e-02
1.320890658939731510e-01,8.193146734853806734e-02
1.361455292959258823e-01,8.229598856619460556e-02
1.402929178219712303e-01,8.262916383069324189e-02
1.445323766530756671e-01,8.293028300070626191e-02
1.488650509702054148e-01,8.319863593490592346e-02
1.532920859543269732e-01,8.343351249196448438e-02
1.578146267864066477e-01,8.363420253055423026e-02
1.624338186474107992e-01,8.379999590934741893e-02
1.671508067183058721e-01,8.393018248701632211e-02
1.719667361800581440e-01,8.402405212223321151e-02
1.768827522136340591e-01,8.408089467367034497e-02
1.819000000000000061e-01,8.409999999999999420e-02
1.843328836133431292e-01,8.410242723545259536e-02
1.866776235351013113e-01,8.410925963599329147e-02
1.889406261151408417e-01,8.411982324289654644e-02
1.911282977033278152e-01,8.413344409743667152e-02
1.932470446495284377e-01,8.414944824088813058e-02
1.953032733036088320e-01,8.416716171452531814e-02
1.973033900154351206e-01,8.418591055962255931e-02
1.992538011348735094e-01,8.420502081745433187e-02
2.011609130117900934e-01,8.422381852929496093e-02
2.030311319960512173e-01,8.424162973641891039e-02
2.048708644375228372e-01,8.425778048010050536e-02
2.066865166860711867e-01,8.427159680161422362e-02
2.084844950915624995e-01,8.428240474223440415e-02
2.102712060038627595e-01,8.428953034323544147e-02
2.120530557728383114e-01,8.429229964589178559e-02
2.138364507483551114e-01,8.429003869147773387e-02
2.156277972802795595e-01,8.428207352126779184e-02
2.174335017184775565e-01,8.426773017653624298e-02
2.192599704128155580e-01,8.424633469855762058e-02
2.211136097131595202e-01,8.421721312860622199e-02
2.230008259693755379e-01,8.417969150795642785e-02
2.249280255313299837e-01,8.413309587788270205e-02
2.269016147488887858e-01,8.407675227965938358e-02
2.289279999719183722e-01,8.400998675456095022e-02
2.310135875502846436e-01,8.393212534386168544e-02
2.331647838338540002e-01,8.384249408883609478e-02
2.353879951724924258e-01,8.374041903075850335e-02
2.376896279160660708e-01,8.362522621090330566e-02
2.400760884144411966e-01,8.349624167054493784e-02
2.425537830174839260e-01,8.335279145095778053e-02
2.451291180750603815e-01,8.319420159341620047e-02
2.478084999370367136e-01,8.301979813919461992e-02
2.505983349532792115e-01,8.282890712956744728e-02
2.535050294736538867e-01,8.262085460580906315e-02
2.565349898480269730e-01,8.239496660919384818e-02
2.596946224262645653e-01,8.215056918099622463e-02
2.629903335582329804e-01,8.188698836249060087e-02
2.664285295937981468e-01,8.160355019495130202e-02
2.700156168828262704e-01,8.129958071965277810e-02
2.737580017751837236e-01,8.097440597786945138e-02
2.776620906207365458e-01,8.062735201087568859e-02
2.817342897693507209e-01,8.025774485994582874e-02
2.859810055708926768e-01,7.986491056635436347e-02
2.904086443752284530e-01,7.944817517137565954e-02
2.950236125322241998e-01,7.900686471628406982e-02
2.998323163917460121e-01,7.854030524235400268e-02
3.048411623036602069e-01,7.804782279085990815e-02
3.100565566178328236e-01,7.752874340307613910e-02
3.154849056841301236e-01,7.698239312027707615e-02
3.211326158524181462e-01,7.640809798373715545e-02
3.270060934725631530e-01,7.580518403473072986e-02
3.331117448944311832e-01,7.517297731453223553e-02
3.394559764678884983e-01,7.451080386441605308e-02
3.460451945428012488e-01,7.381798972565656314e-02
3.528858054690355850e-01,7.309386093952820185e-02
3.599842155964576573e-01,7.233774354730532208e-02
3.673468312749335607e-01,7.154896359026233221e-02
3.749800588543295010e-01,7.072684710967364063e-02
3.828903046845117952e-01,6.987072014681362797e-02
3.910839751153462607e-01,6.897990874295670261e-02
3.995674764966994363e-01,6.805373893937724517e-02
4.083472151784371951e-01,6.709153677734966403e-02
4.174295975104259093e-01,6.609262829814836759e-02
4.268210298425314519e-01,6.505633954304772260e-02
4.365279185246202509e-01,6.398199655332213742e-02
4.465566699065584566e-01,6.286892537024600658e-02
4.569136903382119974e-01,6.171645203509373845e-02
4.676053861694473013e-01,6.052390258913969978e-02
4.786381637501303521e-01,5.929060307365832672e-02
4.900184294301274113e-01,5.801587952992397906e-02
5.017525895593045737e-01,5.669905799921108602e-02
5.138470504875278788e-01,5.533946452279401435e-02
5.263082185646639211e-01,5.393642514194715853e-02
5.391425001405782957e-01,5.248926589794494085e-02
5.523563015651375974e-01,5.099731283206173499e-02
5.659560291882076433e-01,4.945989198557195626e-02
5.799480893596549169e-01,4.787632939974998530e-02
5.943388884293453467e-01,4.624595111587020274e-02
6.091348327471451940e-01,4.456808317520704471e-02
6.243423286629207203e-01,4.284205161903487102e-02
6.399677825265377429e-01,4.106718248862810394e-02
6.560176006878627453e-01,3.924280182526111022e-02
6.724981894967617668e-01,3.736823567020832598e-02
6.894159553031008469e-01,3.544281006474412493e-02
7.067773044567465801e-01,3.346585105014287381e-02
7.245886433075645616e-01,3.143668466767902264e-02
7.428563782054213860e-01,2.935463695862691735e-02
7.615869155001828705e-01,2.721903396426099755e-02
7.807866615417156098e-01,2.502920172585561959e-02
8.004620226798851990e-01,2.278446628468522653e-02
8.206194052645581216e-01,2.048415368202418513e-02
8.412652156456006391e-01,1.812758995914686561e-02
8.624058601728785689e-01,1.571410115732771798e-02
8.840477451962586164e-01,1.324301331784108471e-02
9.061972770656062659e-01,1.071365248196141581e-02
9.288608621307881119e-01,8.125344690963079777e-03
9.520449067416704159e-01,5.477415986120444218e-03
9.757558172481189951e-01,2.769192408707961753e-03
