1.000000000000000000e+00,0.000000000000000000e+00
1.000026745444629439e+00,-4.175709194871482337e-06
1.000052882632737061e+00,-1.121863142417557310e-05
1.000078105129690087e+00,-2.104619486417887153e-05
1.000102117224772380e+00,-3.354318031897424385e-05
1.000124637398124072e+00,-4.856307206020703347e-05
1.000145401621302721e+00,-6.592977559002921074e-05
1.000164166452776504e+00,-8.543968218808209924e-05
1.000180711892053376e+00,-1.068640560375812309e-04
1.000194843958985169e+00,-1.299517159436331033e-04
1.000206396968008393e+00,-1.544319802030878991e-04
1.000215235470655273e+00,-1.800178401000226774e-04
1.000221255843563473e+00,-2.064093248205206414e-04
1.000224387503364953e+00,-2.332970183361985121e-04
1.000224593734211798e+00,-2.603656870242375540e-04
1.000221872118236099e+00,-2.872979754933904350e-04
1.000216254563896623e+00,-3.137781272857824628e-04
1.000207806931881827e+00,-3.394956868326814829e-04
1.000196628262953524e+00,-3.641491392621890467e-04
1.000182849616783942e+00,-3.874494453854355602e-04
1.000166632535401279e+00,-4.091234304167993218e-04
1.000148167149257805e+00,-4.289169866985007343e-04
1.000127669948122744e+00,-4.465980528805583126e-04
1.000105381242938796e+00,-4.619593346279400083e-04
1.000081562348395181e+00,-4.748207349571119179e-04
1.000056492519252771e+00,-4.850314657085047715e-04
1.000030465676336799e+00,-4.924718153998188137e-04
1.000003786960583785e+00,-4.970545527336997678e-04
9.999767691555432325e-01,-4.987259493049447587e-04
9.999497290202767896e-01,-4.974664095169284081e-04
9.754852279561632145e-01,1.974763632760575312e-03
9.515491728599474452e-01,4.393552371546620948e-03
9.281354020378095315e-01,6.759481196939108594e-03
9.052377537959298559e-01,9.073131499035854211e-03
8.828500664404889120e-01,1.133508466793475659e-02
8.609661782776663053e-01,1.354592209373371541e-02
8.395799276136426403e-01,1.570622516653055051e-02
8.186851527545977447e-01,1.781657527642318412e-02
7.982756920067121120e-01,1.987755381350943956e-02
7.783453836761659028e-01,2.188974216788721130e-02
7.588880660691388336e-01,2.385372172965439033e-02
7.398975774918115089e-01,2.577007388890881906e-02
7.213677562503639784e-01,2.763938003574839194e-02
7.032924406509766246e-01,2.946222156027095140e-02
6.856654689998292751e-01,3.123917985257440577e-02
6.684806796031024234e-01,3.297083630275659399e-02
6.517319107669760081e-01,3.465777230091539318e-02
6.354130007976303007e-01,3.630056923714870820e-02
6.195177880012455729e-01,3.789980850155437453e-02
6.040401106840016521e-01,3.945607148423028315e-02
5.889738071520791429e-01,4.096993957527428343e-02
5.743127157116579840e-01,4.244199416478429410e-02
5.600506746689184467e-01,4.387281664285812982e-02
5.461815223300406918e-01,4.526298839959368159e-02
5.326990970012046578e-01,4.661309082508885426e-02
5.195972369885908382e-01,4.792370530944146945e-02
5.068697805983792826e-01,4.919541324274944588e-02
4.945105661367502625e-01,5.042879601511062598e-02
4.825134319098838276e-01,5.162443501662287298e-02
4.708722162239600828e-01,5.278291163738409869e-02
4.595807573851594108e-01,5.390480726749213164e-02
4.486328936996618610e-01,5.499070329704488364e-02
4.380224634736477052e-01,5.604118111614017628e-02
4.277433050132969372e-01,5.705682211487594219e-02
4.177892566247899397e-01,5.803820768335000296e-02
4.081541566143068733e-01,5.898591921166025653e-02
3.988318432880276210e-01,5.990053808990455919e-02
3.898161549521327318e-01,6.078264570818080192e-02
3.811009299128020889e-01,6.163282345658684103e-02
3.726800064762161302e-01,6.245165272522056055e-02
3.645472229485547944e-01,6.323971490417981678e-02
3.566964176359984084e-01,6.399759138356249377e-02
3.491214288447270775e-01,6.472586355346644782e-02
3.418160948809210176e-01,6.542511280398957685e-02
3.347742540507603892e-01,6.609592052522972327e-02
3.279897446604252975e-01,6.673886810728478503e-02
3.214564050160960695e-01,6.735453694025263227e-02
3.151680734239528103e-01,6.794350841423110743e-02
3.091185881901756249e-01,6.850636391931810842e-02
3.033017876209447294e-01,6.904368484561151931e-02
2.977115100224403399e-01,6.955605258320919637e-02
2.923415937008425614e-01,7.004404852220896815e-02
2.827217799852619895e-01,7.081315497721071828e-02
2.733898770637315234e-01,7.137494630514917837e-02
2.643412739067211858e-01,7.173583601011651600e-02
2.555713594847009440e-01,7.190223759620492650e-02
2.470755227681407373e-01,7.188056456750660517e-02
2.388491527275106441e-01,7.167723042811371958e-02
2.308876383332805482e-01,7.129864868211847895e-02
2.231863685559204447e-01,7.075123283361303694e-02
2.157407323659003007e-01,7.004139638668960277e-02
2.085461187336901390e-01,6.917555284544035787e-02
2.015979166297599268e-01,6.816011571395746982e-02
1.948915150245796313e-01,6.700149849633313393e-02
1.884223028886191920e-01,6.570611469665954552e-02
1.821856691923486316e-01,6.428037781902888603e-02
1.761770029062379450e-01,6.273070136753333692e-02
1.703916930007571273e-01,6.106349884626506574e-02
1.648251284463760347e-01,5.928518375931626783e-02
1.594726982135647730e-01,5.740216961077916624e-02
1.543297912727932542e-01,5.542086990474588692e-02
1.493917965945315007e-01,5.334769814530865989e-02
1.446541031492494522e-01,5.118906783655964576e-02
1.401120999074171036e-01,4.895139248259101905e-02
1.357611758395044221e-01,4.664108558749498895e-02
1.315967199159814305e-01,4.426456065536374385e-02
1.276141211073180681e-01,4.182823119028945824e-02
1.238087683839842884e-01,3.933851069636429970e-02
1.201760507164501002e-01,3.680181267768047743e-02
1.167113570751854984e-01,3.422455063833017286e-02
1.134100764306604503e-01,3.161313808240556050e-02
1.102675977533449370e-01,2.897398851399884262e-02
1.072793100137089117e-01,2.631351543720217637e-02
1.044406021822223696e-01,2.363813235610778135e-02
1.017468632293552916e-01,2.095425277480780432e-02
9.919348212557765887e-02,1.826829019739445795e-02
9.677584784135942475e-02,1.558665812795993234e-02
9.448934934717058420e-02,1.291577007059638640e-02
9.232937561348111832e-02,1.026203952939603106e-02
9.029131561076103596e-02,7.631880008451025210e-03
8.837055830948027657e-02,5.031705011853569373e-03
8.656249268010883513e-02,2.467928043695853235e-03
8.486250769311666498e-02,-5.303739192994853845e-05
8.326599231897378883e-02,-2.524777790931646317e-03
8.176833552815010453e-02,-4.940879649217055566e-03
8.036492629111567643e-02,-7.294929462693996308e-03
7.905115357834044398e-02,-9.580513727270275823e-03
7.782240636029438829e-02,-1.179121893885371267e-02
7.667407360744749045e-02,-1.392063159335212193e-02
7.560154429026974543e-02,-1.596233818667331869e-02
7.460020737923110656e-02,-1.790992521472511978e-02
7.460020737923110656e-02,-1.790992521472512672e-02
7.381767330621374912e-02,-1.936919026488620812e-02
7.297459202598499672e-02,-2.079433166733816313e-02
7.207244883597874185e-02,-2.218283868092513905e-02
7.111283308587759699e-02,-2.353226510508188082e-02
7.009743537757784360e-02,-2.484023358942484550e-02
6.902804458677375132e-02,-2.610443982204604940e-02
6.790654471140798731e-02,-2.732265658913199044e-02
6.673491155254031304e-02,-2.849273769875495729e-02
6.551520923348255754e-02,-2.961262176192400522e-02
6.424958656333193407e-02,-3.068033582423448924e-02
6.294027325130899242e-02,-3.169399884171823778e-02
6.158957597857019073e-02,-3.265182499477047029e-02
6.019987433441521124e-02,-3.355212683431523651e-02
5.877361662404818887e-02,-3.439331825466697412e-02
5.731331555527904159e-02,-3.517391728785018018e-02
5.582154381176357427e-02,-3.589254871445472783e-02
5.430092952058106215e-02,-3.654794648642702842e-02
5.275415162213446113e-02,-3.713895595752870343e-02
5.118393515053044213e-02,-3.766453591753316649e-02
4.959304643275390390e-02,-3.812376042657647512e-02
4.798428821509452546e-02,-3.851582044643082209e-02
4.636049472541199645e-02,-3.884002526582665954e-02
4.472452667993850883e-02,-3.909580371731238152e-02
4.307926624341525818e-02,-3.928270518350800156e-02
4.142761195144219200e-02,-3.940040039097969515e-02
3.977247360398649539e-02,-3.944868199033691597e-02
3.811676713904595809e-02,-3.942746492152991722e-02
3.646340949549847082e-02,-3.933678656370422078e-02
3.481531347418884148e-02,-3.917680666934792583e-02
3.317538260630520375e-02,-3.894780708284797249e-02
3.154650603808634157e-02,-3.865019124395109584e-02
2.993155344087188030e-02,-3.828448347700438847e-02
2.833336995546235221e-02,-3.785132806722748405e-02
2.675477117969556062e-02,-3.735148812564382387e-02
2.519853820807061925e-02,-3.678584424467076092e-02
2.366741273215811070e-02,-3.615539294673693338e-02
2.216409221042807756e-02,-3.546124492866002675e-02
2.069122511600589992e-02,-3.470462310487799906e-02
1.925140627072799426e-02,-3.388686045298108795e-02
1.784717227371750495e-02,-3.300939766534009834e-02
1.648099703253377152e-02,-3.207378061096832766e-02
1.515528740476871847e-02,-3.108165761208868741e-02
1.387237895776848376e-02,-3.003477654020411322e-02
1.263453185395023784e-02,-2.893498173678688695e-02
1.144392686896389746e-02,-2.778421076401231538e-02
1.030266154971326217e-02,-2.658449099126098183e-02
9.212746519005148710e-03,-2.533793602340302792e-02
8.176101933337190375e-03,-2.404674197715741396e-02
7.194554100064393110e-03,-2.271318361208589376e-02
6.269832259904274674e-03,-2.133961032303802879e-02
5.403565540449274673e-03,-1.992844200110778854e-02
4.597280086052965564e-03,-1.848216477039309885e-02
3.852396369147227662e-03,-1.700332660806988527e-02
3.170226687726575288e-03,-1.549453285549625900e-02
2.551972853408746023e-03,-1.395844162825546873e-02
1.998724074144551943e-03,-1.239775913322405283e-02
1.511455035307050776e-03,-1.081523490091505432e-02
1.091024182540756282e-03,-9.213656941495963412e-03
7.381722093960860209e-04,-7.595846833015159304e-03
4.535207524133597068e-04,-5.964654750490106482e-03
2.375712959553702430e-04,-4.322954444615032671e-03
9.070428871794239400e-05,-2.673638178934028501e-03
1.317847347484524256e-05,-1.019611634399235963e-03
5.130431238072052924e-06,6.362112097090667599e-04
6.657434063638001387e-05,2.290913209482036209e-03
1.974019529361048519e-04,3.941579195656939177e-03
3.973827827482429020e-04,5.585301109413155600e-03
6.661645140858332703e-04,7.219183125641372850e-03
1.003273621056177678e-03,8.840346754659883857e-03
1.408116202094557290e-03,1.044593591339040665e-02
1.879979026269573694e-03,1.203312195705901096e-02
2.418030789816887072e-03,1.359910866255761852e-02
3.021323580687657051e-03,1.514113715468679011e-02
3.688794548531423856e-03,1.665649076660069214e-02
4.419267777171449751e-03,1.814249982589172944e-02
5.211456356273631851e-03,1.959654635788267082e-02
6.063964648559225235e-03,2.101606869784039544e-02
6.975290748567196386e-03,2.239856600398571623e-02
7.943829128634290193e-03,2.374160266334830044e-02
7.943829128634297132e-03,2.374160266334830391e-02
8.310281404528231317e-03,2.422755902866307112e-02
8.697986071590982707e-03,2.473966489093772439e-02
9.107861550944281598e-03,2.527708565747817729e-02
9.540826263709844407e-03,2.583898673559031564e-02
9.997798631009394490e-03,2.642453353258005302e-02
1.047969707396465347e-02,2.703289145575328914e-02
1.098744001369733776e-02,2.766322591241591675e-02
1.152194587132917766e-02,2.831470230987384942e-02
1.208413306798188785e-02,2.898648605543297993e-02
1.267492002477718996e-02,2.967774255639919756e-02
1.329522516283681080e-02,3.038763722007843671e-02
1.394596690328246333e-02,3.111533545377656931e-02
1.462806366723587263e-02,3.186000266479950549e-02
1.534243387581876034e-02,3.262080426045314147e-02
1.608999595015284806e-02,3.339690564804340123e-02
1.687166831135986436e-02,3.418747223487617060e-02
1.768836938056152219e-02,3.499166942825733539e-02
1.854101757887954144e-02,3.580866263549281614e-02
1.943053132743564546e-02,3.663761726388851253e-02
2.035782904735155413e-02,3.747769872075031039e-02
2.132382915974899082e-02,3.832807241338412330e-02
2.232945008574968235e-02,3.918790374909586482e-02
2.337561024647534166e-02,4.005635813519139998e-02
2.446322806304768865e-02,4.093260097897666316e-02
2.559322195658846055e-02,4.181579768775756101e-02
2.676651034821935643e-02,4.270511366883995852e-02
2.798401165906211352e-02,4.359971432952977621e-02
2.924664431023845171e-02,4.449876507713293461e-02
3.055532672287009088e-02,4.540143131895531259e-02
3.191097731807873011e-02,4.630687846230278903e-02
3.331451451698613786e-02,4.721427191448132610e-02
3.476685674071400278e-02,4.812277708279677491e-02
3.626892241038404130e-02,4.903155937455504904e-02
3.782162994711799064e-02,4.993978419706204819e-02
3.942589777203756723e-02,5.084661695762369982e-02
4.108264430626448749e-02,5.175122306354586199e-02
4.279278797092048170e-02,5.265276792213445523e-02
4.455724718712728016e-02,5.355041694069540004e-02
4.637694037600656460e-02,5.444333552653456143e-02
4.825278595868010695e-02,5.533068908695787380e-02
5.018570235626959586e-02,5.621164302927121603e-02
5.217660798989674775e-02,5.708536276078050864e-02
5.422642128068332068e-02,5.795101368879163051e-02
5.633606064975099637e-02,5.880776122061048827e-02
5.850644451822152592e-02,5.965477076354299552e-02
6.073849130721661188e-02,6.049120772489505193e-02
6.303311943785797067e-02,6.131623751197255723e-02
6.539124733126736033e-02,6.212902553208139722e-02
6.781379340856645566e-02,6.292873719252747855e-02
7.030167609087700775e-02,6.371453790061672173e-02
7.285581379932071222e-02,6.448559306365500565e-02
7.547712495501930630e-02,6.524106808894823695e-02
7.816652797909454109e-02,6.598012838380233613e-02
8.092494129266808445e-02,6.670193935552318210e-02
8.375328331686167360e-02,6.740566641141666759e-02
8.665247247279707354e-02,6.809047495878872702e-02
8.962342718159593824e-02,6.875553040494523926e-02
9.266706586438004656e-02,6.939999815719209708e-02
9.578430694227108022e-02,7.002304362283523487e-02
9.897606883639076258e-02,7.062383220918050375e-02
1.022432699678608586e-01,7.120152932353386588e-02
1.055868287578030362e-01,7.175530037320118626e-02
1.090076636273390465e-01,7.228431076548834378e-02
1.125066929975905849e-01,7.278772590770130058e-02
1.160848352896793889e-01,7.326471120714589391e-02
1.197430089247272234e-01,7.371443207112807205e-02
1.234821323238557422e-01,7.413605390695371389e-02
1.273031239081867105e-01,7.452874212192872605e-02
1.312069020988417822e-01,7.489166212335900130e-02
1.351943853169427778e-01,7.522397931855046016e-02
1.392664919836113790e-01,7.552485911480899539e-02
1.434241405199692398e-01,7.579346691944049974e-02
1.476682493471382085e-01,7.602896813975087986e-02
1.519997368862398834e-01,7.623052818304602851e-02
1.564195215583960297e-01,7.639731245663186621e-02
1.609285217847284399e-01,7.652848636781427183e-02
1.655276559863587127e-01,7.662321532389916590e-02
1.702178425844086684e-01,7.668066473219244117e-02
1.749999999999999889e-01,7.670000000000000429e-02
1.769633422196332240e-01,7.670166979441285504e-02
1.788574762599344503e-01,7.670629160514196021e-02
1.806885631930061908e-01,7.671328407342319078e-02
1.824627640909508575e-01,7.672206584049238998e-02
1.841862400258708621e-01,7.673205554758544267e-02
1.858651520698686999e-01,7.674267183593819208e-02
1.875056612950467827e-01,7.675333334678645369e-02
1.891139287735075503e-01,7.676345872136615400e-02
1.906961155773533589e-01,7.677246660091306685e-02
1.922583827786868427e-01,7.677977562666316036e-02
1.938068914496102746e-01,7.678480443985218062e-02
1.953478026622261776e-01,7.678697168171606802e-02
1.968872774886369637e-01,7.678569599349065189e-02
1.984314770009450446e-01,7.678039601641176159e-02
1.999865622712529434e-01,7.677049039171529587e-02
2.015586943716629609e-01,7.675539776063704245e-02
2.031540343742777310e-01,7.673453676441295557e-02
2.047787433511994715e-01,7.670732604427880907e-02
2.064389823745308439e-01,7.667318424147052947e-02
2.081409125163741769e-01,7.663152999722394609e-02
2.098906948488317992e-01,7.658178195277486056e-02
2.116944904440064001e-01,7.652335874935922710e-02
2.135584603740001697e-01,7.645567902821280570e-02
2.154887657109157972e-01,7.637816143057153673e-02
2.174915675268554449e-01,7.629022459767122177e-02
2.195730268939218299e-01,7.619128717074777346e-02
2.217393048842172809e-01,7.608076779103699339e-02
2.239965625698440987e-01,7.595808509977475254e-02
2.263509610229048896e-01,7.582265773819690802e-02
2.288086613155020932e-01,7.567390434753934469e-02
2.313758245197380103e-01,7.551124356903787804e-02
2.340586117077151918e-01,7.533409404392837905e-02
2.368631839515361048e-01,7.514187441344673257e-02
2.397957023233031892e-01,7.493400331882878185e-02
2.428623278951187459e-01,7.470989940131034235e-02
2.460692217390853531e-01,7.446898130212731282e-02
2.494225449273054507e-01,7.421066766251557811e-02
2.529284585318813949e-01,7.393437712371091208e-02
2.565931236249155978e-01,7.363952832694921347e-02
2.604227012785106932e-01,7.332553991346638100e-02
2.644233525647690097e-01,7.299183052449823017e-02
2.686012385557928206e-01,7.263781880128059032e-02
2.729625203236848430e-01,7.226292338504938795e-02
2.775133589405474055e-01,7.186656291704043853e-02
2.822599154784828368e-01,7.144815603848958530e-02
2.872083510095937431e-01,7.100712139063269923e-02
2.923648266059825085e-01,7.054287761470566520e-02
2.977355033397515172e-01,7.005484335194431256e-02
3.033265422830032643e-01,6.954243724358447065e-02
3.091441045078402450e-01,6.900507793086207986e-02
3.151943510863648434e-01,6.844218405501290015e-02
3.214834430906793883e-01,6.785317425727285801e-02
3.280175415928864302e-01,6.723746717887779667e-02
3.348028076650885199e-01,6.659448146106351774e-02
3.418454023793879304e-01,6.592363574506596158e-02
3.491514868078871570e-01,6.522434867212094367e-02
3.567272220226885837e-01,6.449603888346432112e-02
3.645787690958947058e-01,6.373812502033195104e-02
3.727122890996080740e-01,6.295002572395969054e-02
3.811339431059308502e-01,6.213115963558340366e-02
3.898498921869657519e-01,6.128094539643894056e-02
3.988662974148150520e-01,6.039880164776215837e-02
4.081893198615813012e-01,5.948414703078892113e-02
4.178251205993667727e-01,5.853640018675507900e-02
4.277798607002740727e-01,5.755497975689649603e-02
4.380597012364056408e-01,5.653930438244901546e-02
4.486708032798637502e-01,5.548879270464851521e-02
4.596193279027510625e-01,5.440286336473082462e-02
4.709114361771699064e-01,5.328093500393183551e-02
4.825532891752227216e-01,5.212242626348737029e-02
4.945510479690118921e-01,5.092675578463331382e-02
5.069108736306398022e-01,4.969334220860550932e-02
5.196389272322092800e-01,4.842160417663980004e-02
5.327413698458223212e-01,4.711096032997207778e-02
5.462243625435816430e-01,4.576082930983817187e-02
5.600940663975894074e-01,4.437062975747394639e-02
5.743566424799483316e-01,4.293978031411526536e-02
5.890182518627607999e-01,4.146769962099796508e-02
6.040850556181290854e-01,3.995380631935793042e-02
6.195632148181559051e-01,3.839751905043099767e-02
6.354588905349434214e-01,3.679825645545303781e-02
6.517782438405942402e-01,3.515543717565989407e-02
6.685274358072107459e-01,3.346847985228744438e-02
6.857126275068952115e-01,3.173680312657153196e-02
7.033399800117505762e-01,2.995982563974799312e-02
7.214156543938786692e-01,2.813696603305272659e-02
7.399458117253824296e-01,2.626764294772154784e-02
7.589366130783639086e-01,2.435127502499035215e-02
7.783942195249259344e-01,2.238728090609496540e-02
7.983247921371705580e-01,2.037507923227127593e-02
8.187344919872003857e-01,1.831408864475512349e-02
8.396294801471180236e-01,1.620372778478234438e-02
8.610159176890255228e-01,1.404341529358883386e-02
8.828999656850258226e-01,1.183256981241041089e-02
9.052877852072208631e-01,9.570609982482975939e-03
9.281855373277134724e-01,7.256954445042363561e-03
9.515993831186060348e-01,4.891021841324403978e-03
9.755354836520006012e-01,2.472230812565005473e-03
